8.46642	0.0287602	0	0	8.46642	0.0287602	8.6	0.25	-3.00029	0
8.4483	0.25013	-0.258917	3.16255	8.18229	2.10282	8.45	0.25	-3.00027	0
8.45367	0.251746	0.0402973	0.183401	8.57101	0.0282318	8.45	0.25	0	0
8.45595	0.254586	0.0446007	0.116305	8.18452	2.12473	8.45	0.25	0	0
8.35851	0.305488	-1.06138	0.320654	8.42927	0.0301427	8.35	0.25	-1.81979	0
8.28027	0.26937	-1.06316	0.00296152	7.98518	2.03181	8.25	0.25	-1.81978	0
8.08421	0.246185	-2.37619	-0.218701	7.9351	0.0237437	8.05	0.2	-3.99976	-0.99994
7.93172	0.192718	-2.39924	-0.400809	7.74076	1.24807	7.85	0.15	-3.99972	-0.99993
7.76842	0.174223	-2.76003	-0.404123	7.61428	0.0204653	7.7	0.15	-2.99982	0
7.609	0.157276	-2.78169	-0.392181	7.44428	1.19861	7.55	0.15	-2.99982	0
7.50454	0.123273	-2.38733	-0.426508	7.50876	0.0127032	7.45	0.100001	-1.8165	-0.908239
7.3667	0.0720287	-2.39454	-0.5087	7.33822	0.253498	7.35	0.0500011	-1.81648	-0.90823
7.21208	0.0374164	-2.57424	-0.527622	7.20598	0.000683772	7.2	9.49949e-07	-2.72851	-0.909507
7.06721	-0.015257	-2.579	-0.591678	7.04403	-0.376094	7.05	-0.0499992	-2.72849	-0.909499
6.97823	-0.0739667	-2.17176	-0.665434	6.74737	-0.0212224	6.95	-0.15	-1.81898	-1.81898
6.8568	-0.162699	-2.17655	-0.801509	6.6217	-1.75264	6.85	-0.25	-1.81896	-1.81897
6.75436	-0.23348	-2.12437	-0.883402	6.67866	-0.0519302	6.75	-0.349999	-2.00076	-2.00075
6.64649	-0.337097	-2.13123	-1.038	5.94504	-2.96477	6.65	-0.449999	-2.00076	-2.00075
6.61069	-0.436458	-1.60498	-1.19023	6.63205	-0.0840904	6.6	-0.549999	-0.998836	-1.99769
6.53481	-0.542793	-1.60412	-1.3126	5.219	-3.97486	6.55	-0.65	-0.99884	-1.99769
6.5068	-0.678239	-1.13961	-1.51803	6.46217	-0.130812	6.5	-0.85	-0.908747	-3.63498
6.44326	-0.849737	-1.15617	-1.75073	3.19831	-5.61045	6.45	-1.05	-0.908739	-3.63494
6.35335	-0.977858	-1.33001	-1.81739	6.49021	-0.179219	6.35	-1.15	-1.81897	-1.81898
6.27232	-1.13023	-1.35574	-1.95721	1.97192	-5.93603	6.25	-1.25	-1.81896	-1.81896
6.34707	-1.3484	-0.22389	-2.43176	6.59968	-0.226407	6.3	-1.45	0.909739	-3.63894
6.33608	-1.53344	-0.23824	-2.56749	-0.545069	-6.33989	6.35	-1.65	0.909727	-3.63891
6.28233	-1.6681	-0.521124	-2.53071	6.57796	-0.279439	6.3	-1.8	-0.999494	-2.9985
6.24972	-1.83986	-0.550199	-2.6501	-2.31665	-5.80093	6.25	-1.95	-0.999489	-2.99847
6.29338	-2.04064	0.00570247	-2.97305	6.66141	-0.322252	6.3	-2.1	0.999984	-2.99994
6.30221	-2.20115	0.0142376	-3.00178	-3.92857	-4.98434	6.35	-2.25	0.999979	-2.99994
6.29099	-2.36239	-0.0720602	-2.96751	6.76596	-0.36264	6.35	-2.4	0	-2.72613
6.29848	-2.53046	-0.0546086	-2.97695	-5.27642	-3.53166	6.35	-2.55	0	-2.72611
6.33728	-2.71957	0.25355	-3.14154	6.98232	-0.399959	6.4	-2.7	0.909499	-2.72851
6.37062	-2.87413	0.297584	-3.09098	-6.1469	-1.89569	6.45	-2.85	0.909503	-2.72851
6.3812	-3.01364	0.243644	-3.02739	7.12938	-0.43502	6.45	-3	0	-2.99754
6.40422	-3.15839	0.266621	-3.00754	-6.44099	0.051254	6.45	-3.15	0	-2.99754
6.45152	-3.34001	0.495512	-3.13402	7.31886	-0.470836	6.5	-3.3	0.910402	-2.7312
6.49627	-3.49303	0.538049	-3.0822	-6.22151	2.03318	6.55	-3.45	0.910402	-2.7312
6.57033	-3.67717	0.83358	-3.23121	7.5456	-0.49614	6.65	-3.6	1.81722	-2.72583
6.65453	-3.81781	0.925293	-3.1299	-5.52936	3.88913	6.75	-3.75	1.81721	-2.72581
6.70615	-3.9674	0.883097	-3.04089	7.884	-0.521437	6.8	-3.9	0.907988	-2.72396
6.78391	-4.10614	0.953468	-2.96327	-4.17522	5.44305	6.85	-4.05	0.907976	-2.72393
6.83656	-4.25264	0.922467	-2.89849	8.04387	-0.547179	6.9	-4.2	0.909334	-2.72801
6.90497	-4.3889	0.968361	-2.83838	-2.49565	6.47931	6.95	-4.35	0.90933	-2.72799
6.93233	-4.50622	0.739937	-2.62428	8.3635	-0.567708	7	-4.45	0.910054	-1.8201
6.99622	-4.61675	0.80208	-2.5383	-1.13711	6.94856	7.05	-4.55	0.910054	-1.8201
7.05517	-4.75172	0.876204	-2.55138	8.50541	-0.582556	7.1	-4.7	0.908302	-2.72489
7.11626	-4.88007	0.907067	-2.51898	1.06004	7.06831	7.15	-4.85	0.908297	-2.72489
7.2124	-5.04926	1.22844	-2.74802	8.88902	-0.604494	7.25	-5	1.81907	-2.72861
7.2893	-5.18513	1.25437	-2.71012	3.12207	6.60338	7.35	-5.15	1.81907	-2.72861
7.35271	-5.32221	1.19975	-2.6481	8.97814	-0.622421	7.4	-5.3	0.908194	-2.7246
7.427	-5.4615	1.21896	-2.63033	5.02547	5.49618	7.45	-5.45	0.90819	-2.72457
7.49896	-5.59934	1.22901	-2.61089	9.4762	-0.63468	7.55	-5.55	1.81974	-1.81974
7.59176	-5.71482	1.29228	-2.53887	6.23809	4.41704	7.65	-5.65	1.81972	-1.81972
7.65795	-5.84271	1.24322	-2.47971	9.53172	-0.647271	7.7	-5.8	0.90983	-2.72951
7.7303	-5.97102	1.25509	-2.46058	7.31827	2.50215	7.75	-5.95	0.909826	-2.72948
7.84485	-6.13612	1.62568	-2.76172	9.89957	-0.659824	7.85	-6.1	1.9986	-2.9979
7.9363	-6.26313	1.65098	-2.73319	7.9507	0.317444	7.95	-6.25	1.99858	-2.99787
8.0109	-6.38979	1.50764	-2.58821	10.4099	-0.66785	8.05	-6.35	1.81738	-1.81739
8.11682	-6.50432	1.56639	-2.51837	8.04107	-1.38167	8.15	-6.45	1.81737	-1.81737
8.19021	-6.62827	1.46902	-2.42712	10.3865	-0.678464	8.2	-6.6	0.909293	-2.72787
8.2678	-6.75916	1.46404	-2.42289	7.37872	-3.6993	8.25	-6.75	0.909293	-2.72787
8.35098	-6.89145	1.47992	-2.42827	10.6843	-0.687607	8.35	-6.85	1.81994	-1.81993
8.44131	-7.00441	1.50752	-2.3807	6.59374	-5.27633	8.45	-6.95	1.81993	-1.81993
8.5108	-7.11776	1.46751	-2.34473	10.9406	-0.696337	8.5	-7.1	1.00006	-3.00018
8.57444	-7.24055	1.44584	-2.36074	4.89515	-7.00908	8.55	-7.25	1.00006	-3.00018
8.68083	-7.39415	1.70265	-2.59962	11.3727	-0.707378	8.65	-7.4	1.99807	-2.99712
8.75682	-7.53175	1.68098	-2.61946	2.68052	-8.31417	8.75	-7.55	1.99808	-2.99712
8.80826	-7.6374	1.37801	-2.34524	11.7598	-0.716035	8.8	-7.65	0.909955	-1.8199
8.87491	-7.76643	1.36003	-2.34939	0.874365	-8.80206	8.85	-7.75	0.909946	-1.81988
8.95052	-7.89588	1.42739	-2.42293	11.8789	-0.726017	8.9	-7.9	0.999086	-2.9973
9.00406	-8.02832	1.38675	-2.45399	-1.64034	-8.80822	8.95	-8.05	0.999095	-2.9973
9.04333	-8.12975	1.1253	-2.21462	11.9442	-0.735521	9	-8.15	0.909309	-1.8186
9.0937	-8.25329	1.10153	-2.22306	-3.43706	-8.38161	9.05	-8.25	0.909301	-1.81859
9.16674	-8.38881	1.24715	-2.37838	12.4893	-0.745345	9.1	-8.4	1.0004	-3.00119
9.2056	-8.52564	1.19193	-2.42551	-5.85876	-7.03266	9.15	-8.55	1.00038	-3.00117
9.2437	-8.63473	0.998088	-2.24503	12.6764	-0.755304	9.2	-8.65	0.909508	-1.819
9.28329	-8.76592	0.963795	-2.26736	-7.32558	-5.64034	9.25	-8.75	0.9095	-1.81899
9.4126	-8.97317	1.58156	-2.9066	13.0018	-0.765199	9.35	-8.95	1.99965	-3.99928
9.47666	-9.13204	1.54501	-2.9406	-9.10099	-2.53345	9.45	-9.15	1.99964	-3.99928
9.51529	-9.23784	1.26143	-2.65096	13.2646	-0.772362	9.5	-9.25	0.999584	-1.99917
9.57022	-9.36872	1.24591	-2.65101	-9.51628	-0.694282	9.55	-9.35	0.999584	-1.99917
9.60999	-9.48118	1.09263	-2.50266	13.3655	-0.782802	9.55	-9.5	0	-3.00023
9.6296	-9.62828	1.01173	-2.56204	-9.30753	2.12842	9.55	-9.65	0	-3.0002
9.6897	-9.77412	1.09659	-2.66943	13.8483	-0.794831	9.6	-9.8	0.999005	-2.997
9.71585	-9.92351	1.03106	-2.71335	-8.42174	4.70328	9.65	-9.95	0.998995	-2.997
9.74297	-10.0414	0.819068	-2.48901	13.8368	-0.803954	9.7	-10.05	0.909855	-1.81969
9.77771	-10.1724	0.800603	-2.48144	-7.35424	6.3831	9.75	-10.15	0.909847	-1.81969
9.81687	-10.299	0.798664	-2.48817	14.4307	-0.812263	9.75	-10.3	0	-3.00065
9.8242	-10.4459	0.721568	-2.54648	-4.86727	8.45425	9.75	-10.45	0	-3.00063
9.87172	-10.6007	0.794872	-2.64205	14.3135	-0.824455	9.8	-10.6	0.90817	-2.72451
9.89637	-10.754	0.751847	-2.66529	-2.36994	9.56114	9.85	-10.75	0.908161	-2.72448
9.91388	-10.8756	0.584193	-2.48139	14.7429	-0.835956	9.85	-10.9	0	-2.73074
9.91123	-11.0303	0.503882	-2.53146	0.446664	9.82599	9.85	-11.05	0	-2.73073
9.93496	-11.1618	0.509504	-2.55443	14.8851	-0.848604	9.85	-11.2	0	-2.99965
9.92184	-11.3161	0.417432	-2.62206	3.41327	9.2351	9.85	-11.35	0	-2.99961
9.93863	-11.4518	0.408594	-2.63501	15.2094	-0.863774	9.85	-11.5	0	-2.99843
9.91836	-11.6075	0.313114	-2.69793	5.83315	7.91478	9.85	-11.65	0	-2.99843
9.88234	-11.6788	-0.0610371	-2.23951	15.413	-0.877244	9.8	-11.75	-1.0003	-2.00061
9.83714	-11.8162	-0.160659	-2.30566	7.31559	6.44442	9.75	-11.85	-1.00029	-2.00059
9.82768	-11.9399	-0.146712	-2.34862	15.4054	-0.88995	9.7	-12	-1.0004	-3.00119
9.76398	-12.0955	-0.282527	-2.44448	8.8276	3.90696	9.65	-12.15	-1.00039	-3.00116
9.72328	-12.1865	-0.470117	-2.20854	15.7547	-0.905673	9.6	-12.25	-0.999885	-1.99981
9.65139	-12.3231	-0.58418	-2.27735	9.32141	2.07046	9.55	-12.35	-0.999884	-1.99979
9.58363	-12.3868	-0.857712	-1.91328	15.5466	-0.922266	9.45	-12.45	-1.99803	-1.99805
9.48211	-12.5151	-0.996946	-1.99733	9.35962	0.152297	9.35	-12.55	-1.99804	-1.99804
9.42039	-12.6234	-1.02963	-1.97198	15.7759	-0.936847	9.3	-12.65	-0.909773	-1.81953
9.31782	-12.7521	-1.13743	-2.02703	9.0467	-1.78615	9.25	-12.75	-0.909773	-1.81954
9.20579	-12.7689	-1.5486	-1.41913	15.9017	-0.95744	9.05	-12.85	-3.99257	-1.99629
9.03118	-12.8926	-1.78135	-1.55256	8.19263	-3.32488	8.85	-12.95	-3.99253	-1.99627
8.91138	-12.951	-1.92406	-1.35139	15.6195	-0.978773	8.75	-13	-1.8213	-0.910651
8.75947	-13.0423	-2.03241	-1.39902	7.69759	-3.97551	8.65	-13.05	-1.8213	-0.910651
8.63096	-13.0687	-2.22741	-1.08555	15.6995	-0.995246	8.5	-13.1	-2.997	-0.999005
8.46599	-13.1447	-2.3541	-1.14366	6.94781	-4.6452	8.35	-13.15	-2.997	-0.998995
8.30423	-13.1415	-2.61051	-0.684113	15.5295	-1.0123	8.2	-13.15	-2.72741	0
8.12274	-13.1833	-2.69624	-0.703963	6.69988	-4.43691	8.05	-13.15	-2.72742	0
7.95919	-13.1897	-2.81508	-0.481914	15.2205	-1.03051	7.9	-13.15	-2.72986	0
7.79595	-13.2074	-2.83056	-0.468476	6.41636	-4.37395	7.75	-13.15	-2.72986	0
7.66498	-13.262	-2.73253	-0.677702	15.3557	-1.04843	7.6	-13.2	-2.9979	-0.999304
7.50556	-13.2923	-2.78168	-0.678512	5.76621	-4.71396	7.45	-13.25	-2.9979	-0.999304
7.33635	-13.287	-2.91635	-0.389389	14.9523	-1.06755	7.3	-13.25	-2.72846	0
7.17628	-13.2937	-2.90973	-0.363075	5.6041	-4.45659	7.15	-13.25	-2.72844	0
7.00537	-13.2339	-3.13628	0.163022	14.6741	-1.08244	7	-13.2	-2.99784	0.999284
6.85436	-13.2089	-3.11579	0.194284	5.71784	-3.77013	6.85	-13.15	-2.99784	0.999284
6.67797	-13.1718	-3.18155	0.372307	14.8668	-1.09768	6.7	-13.1	-2.72787	0.909275
6.52779	-13.1289	-3.11615	0.418906	5.75001	-3.15267	6.55	-13.05	-2.72787	0.909284
6.36781	-13.1326	-3.03059	0.226143	14.5623	-1.11566	6.4	-13.05	-2.72678	0
6.22692	-13.101	-2.96402	0.266739	5.53367	-2.93051	6.25	-13.05	-2.72678	0
6.06048	-13.0616	-3.01705	0.430675	14.3675	-1.1322	6.1	-13	-2.72966	0.909888
5.9175	-13.0152	-2.9559	0.476405	5.5114	-2.22071	5.95	-12.95	-2.72963	0.90988
5.74715	-12.8961	-3.18174	1.12592	14.0957	-1.14684	5.8	-12.85	-2.99777	1.99851
5.61642	-12.8137	-3.10583	1.17791	5.56949	-0.956781	5.65	-12.75	-2.99778	1.99852
5.46235	-12.7821	-2.99804	0.928818	13.7247	-1.15804	5.55	-12.7	-1.81798	0.908995
5.35173	-12.7051	-2.86234	0.987056	5.41846	-0.465119	5.45	-12.65	-1.81799	0.908995
5.1883	-12.596	-2.96544	1.35481	13.5474	-1.17084	5.3	-12.55	-2.72627	1.81753
5.06575	-12.5035	-2.86427	1.39548	5.1061	0.501854	5.15	-12.45	-2.72625	1.8175
4.91678	-12.4224	-2.84497	1.41083	13.369	-1.18389	5.05	-12.35	-1.8199	1.81989
4.82648	-12.3144	-2.67965	1.47862	4.68503	1.53424	4.95	-12.25	-1.81991	1.8199
4.69519	-12.2132	-2.70903	1.64806	12.8878	-1.19328	4.85	-12.15	-1.99928	1.99929
4.63246	-12.1061	-2.5294	1.70721	4.17707	2.2807	4.75	-12.05	-1.99928	1.99928
4.50131	-11.9844	-2.5451	1.87919	12.7991	-1.19553	4.7	-11.9	-0.908236	2.72471
4.46831	-11.8365	-2.27754	1.97982	3.16071	3.40215	4.65	-11.75	-0.908231	2.7247
4.37274	-11.7572	-2.14411	1.7366	12.4969	-1.19406	4.6	-11.65	-0.909847	1.81971
4.3643	-11.6261	-1.87402	1.82347	2.47441	3.81805	4.55	-11.55	-0.909843	1.81969
4.25054	-11.4141	-2.11212	2.65645	12.2162	-1.1958	4.5	-11.35	-1.0008	4.0032
4.25379	-11.2385	-1.84067	2.75643	0.681264	4.38802	4.45	-11.15	-1.0008	4.00321
4.20269	-11.1597	-1.57731	2.19448	11.8835	-1.18814	4.45	-11.05	0	1.81614
4.23835	-10.9977	-1.27429	2.29698	-0.291684	4.44179	4.45	-10.95	0	1.81612
4.18959	-10.8608	-1.22491	2.33458	11.6669	-1.1797	4.45	-10.8	0	2.72555
4.24389	-10.695	-0.925459	2.43261	-1.52807	4.1878	4.45	-10.65	0	2.72554
4.2154	-10.5602	-0.858485	2.40816	11.4789	-1.17144	4.45	-10.5	0	2.729
4.26783	-10.3929	-0.612421	2.49848	-2.71337	3.51515	4.45	-10.35	0	2.72898
4.26448	-10.2628	-0.504729	2.40482	11.1898	-1.15508	4.5	-10.2	0.908962	2.72687
4.34941	-10.0929	-0.227723	2.5063	-3.70486	2.64002	4.55	-10.05	0.908954	2.72685
4.36434	-9.9548	-0.140766	2.4675	10.9942	-1.13588	4.6	-9.9	0.909756	2.72927
4.45649	-9.7863	0.103696	2.55976	-4.39516	1.47968	4.65	-9.75	0.909752	2.72926
4.47953	-9.63266	0.139661	2.60842	10.4986	-1.11645	4.7	-9.6	0.90859	2.72578
4.5758	-9.46586	0.353381	2.68275	-4.74279	0.171395	4.75	-9.45	0.908586	2.72576
4.63887	-9.34203	0.54666	2.46298	10.592	-1.09073	4.85	-9.3	1.81967	2.72952
4.76576	-9.17231	0.782112	2.56345	-4.74733	-1.39657	4.95	-9.15	1.81967	2.72951
4.84576	-9.06908	0.978779	2.33571	10.2398	-1.06602	5	-9.05	0.999884	1.99977
4.94092	-8.94169	1.08805	2.37552	-4.48314	-2.30549	5.05	-8.95	0.999874	1.99974
5.02123	-8.81393	1.16747	2.32322	10.3027	-1.04083	5.15	-8.8	1.81805	2.72708
5.14641	-8.66127	1.31479	2.39688	-3.71169	-3.73956	5.25	-8.65	1.81803	2.72705
5.25308	-8.56644	1.5262	2.17017	10.116	-1.01021	5.35	-8.55	1.99956	1.99957
5.36732	-8.44225	1.61699	2.21796	-2.95583	-4.5772	5.45	-8.45	1.99954	1.99954
5.46789	-8.329	1.68098	2.14747	10.1164	-0.988358	5.5	-8.35	0.909045	1.81807
5.55137	-8.22031	1.65754	2.12515	-2.10361	-5.12359	5.55	-8.25	0.909045	1.81808
5.64903	-8.10218	1.68253	2.11683	9.81408	-0.957431	5.7	-8.1	2.72608	2.72608
5.77625	-7.96977	1.76478	2.16525	-0.595926	-5.82051	5.85	-7.95	2.72606	2.72606
5.89024	-7.85766	1.85335	2.09141	9.834	-0.9229	5.95	-7.85	1.81801	1.81801
6.01244	-7.73537	1.90018	2.11625	0.715762	-6.01744	6.05	-7.75	1.81802	1.81801
6.12257	-7.62246	1.93305	2.08611	9.79397	-0.893547	6.15	-7.65	1.81798	1.81798
6.23389	-7.51466	1.94124	2.07509	1.91233	-5.95717	6.25	-7.55	1.81798	1.81798
6.35025	-7.40841	2.00298	2.0157	9.82626	-0.862628	6.35	-7.45	1.82027	1.82027
6.45247	-7.31596	1.97964	1.97476	3.03535	-5.69341	6.45	-7.35	1.82025	1.82025
6.58895	-7.2405	2.21533	1.77348	9.61034	-0.830934	6.6	-7.25	2.99862	1.99908
6.71517	-7.1458	2.24969	1.79449	4.39328	-5.13198	6.75	-7.15	2.99862	1.99908
6.79781	-7.02354	1.99398	1.99579	9.63222	-0.803469	6.8	-7.05	0.908005	1.816
6.89314	-6.92637	1.95931	1.96147	5.40471	-4.23055	6.85	-6.95	0.908	1.81601
7.03692	-6.84371	2.20004	1.76403	9.90965	-0.773882	7	-6.85	2.72856	1.81904
7.15725	-6.7481	2.19826	1.76085	6.38682	-3.22963	7.15	-6.75	2.72854	1.81902
7.25037	-6.6366	2.01847	1.89035	9.90034	-0.741696	7.25	-6.65	1.8202	1.8202
7.35737	-6.54117	2.00754	1.87041	7.07388	-2.01419	7.35	-6.55	1.82018	1.82018
7.52789	-6.4893	2.47438	1.53558	9.97586	-0.714582	7.5	-6.5	2.99964	0.999884
7.64882	-6.42666	2.46341	1.50401	7.53158	-1.37818	7.65	-6.45	2.99964	0.999884
7.77366	-6.34617	2.41249	1.51564	9.95941	-0.690878	7.75	-6.4	1.81709	0.908549
7.88532	-6.29489	2.35941	1.43476	7.8297	-0.590415	7.85	-6.35	1.81709	0.908545
8.01131	-6.21901	2.34469	1.431	10.1984	-0.663884	8	-6.25	2.72931	1.81954
8.13908	-6.14221	2.3419	1.42638	8.06088	1.11397	8.15	-6.15	2.72928	1.81952
8.22568	-6.05395	2.13264	1.55863	10.1836	-0.632288	8.25	-6.05	1.99977	1.99976
8.33549	-5.9671	2.14194	1.57985	7.86888	2.75208	8.35	-5.95	1.99977	1.99976
8.50207	-5.90046	2.4681	1.39903	10.3458	-0.606064	8.5	-5.9	2.72796	0.909326
8.63974	-5.83388	2.4682	1.37713	7.90605	3.53153	8.65	-5.85	2.72796	0.909321
8.73264	-5.73888	2.17292	1.53891	10.4847	-0.579689	8.75	-5.75	1.81776	1.81775
8.85359	-5.65048	2.1768	1.54799	7.0997	5.29106	8.85	-5.65	1.81774	1.81773
8.94437	-5.56497	2.04931	1.61485	10.6216	-0.5556	8.95	-5.55	1.99657	1.99656
9.05008	-5.47453	2.05817	1.63793	6.11266	6.67487	9.05	-5.45	1.99654	1.99655
9.21447	-5.40191	2.40987	1.47361	10.4783	-0.529976	9.2	-5.4	2.72728	0.909094
9.34555	-5.3229	2.40654	1.46826	5.38123	7.63673	9.35	-5.35	2.72727	0.90909
9.42873	-5.22679	2.07256	1.6137	10.7468	-0.506831	9.45	-5.25	1.81816	1.81815
9.54547	-5.13533	2.07836	1.62118	3.89143	8.72451	9.55	-5.15	1.81813	1.81813
9.63551	-5.0429	1.91735	1.67787	11.0251	-0.485669	9.65	-5.05	1.82036	1.82036
9.74613	-4.94313	1.92905	1.69781	2.11963	9.52562	9.75	-4.95	1.82036	1.82037
9.83347	-4.84287	1.7947	1.75413	11.0505	-0.456323	9.85	-4.85	1.81578	1.81577
9.9378	-4.74375	1.80514	1.76233	0.310499	9.95157	9.95	-4.75	1.81575	1.81575
10.0168	-4.63427	1.65471	1.83655	10.9882	-0.426704	10.05	-4.6	1.82039	2.7306
10.1207	-4.50337	1.68543	1.91224	-2.61927	9.79877	10.15	-4.45	1.8204	2.7306
10.2076	-4.38625	1.62841	1.95895	11.0542	-0.396158	10.25	-4.3	1.81769	2.72652
10.3187	-4.23503	1.67664	2.07002	-5.40822	8.84149	10.35	-4.15	1.81768	2.7265
10.4445	-4.12194	1.89433	2.02082	11.372	-0.37096	10.45	-4.05	1.81792	1.81792
10.551	-3.98861	1.9033	2.07435	-7.31549	7.58992	10.55	-3.95	1.8179	1.8179
10.6476	-3.86991	1.84129	2.09975	11.3808	-0.345253	10.65	-3.85	1.81903	1.81904
10.7517	-3.75223	1.84668	2.10619	-8.83041	6.15109	10.75	-3.75	1.81902	1.81903
10.7933	-3.62677	1.42937	2.20977	11.3814	-0.322404	10.8	-3.6	0.909773	2.72931
10.8701	-3.49088	1.42922	2.24391	-10.3016	3.41438	10.85	-3.45	0.909764	2.72928
10.9797	-3.37729	1.68644	2.20375	11.4462	-0.292989	10.95	-3.3	1.99953	2.99928
11.0652	-3.22965	1.6953	2.2945	-11.0435	0.160224	11.05	-3.15	1.9995	2.99925
11.1038	-3.09074	1.30223	2.3869	11.5123	-0.262561	11.1	-3	0.907725	2.72317
11.173	-2.92766	1.30297	2.46286	-10.7212	-3.03577	11.15	-2.85	0.907708	2.72314
11.2233	-2.7841	1.14695	2.5047	11.4671	-0.236058	11.2	-2.7	0.908929	2.72678
11.2833	-2.61429	1.14594	2.58198	-9.35965	-6.24626	11.25	-2.55	0.908929	2.72678
11.2177	-2.46456	0.240705	2.70664	11.3669	-0.209323	11.2	-2.4	-0.909276	2.72782
11.219	-2.29656	0.22306	2.7505	-7.06184	-8.64075	11.15	-2.25	-0.909276	2.72782
11.336	-2.14191	0.960157	2.6858	11.3977	-0.185161	11.25	-2.1	1.81915	2.72871
11.3828	-1.98209	0.951373	2.71432	-4.28534	-10.5126	11.35	-1.95	1.81913	2.72869
11.3855	-1.83333	0.603982	2.74065	11.4428	-0.157524	11.35	-1.8	0	2.73035
11.4023	-1.68033	0.577787	2.74317	-1.12702	-11.2764	11.35	-1.65	0	2.73033
11.3455	-1.54324	-0.0195489	2.77949	11.156	-0.129749	11.3	-1.5	-0.999165	2.99748
11.3295	-1.38937	-0.0425753	2.81303	2.37596	-11.006	11.25	-1.35	-0.999155	2.99745
11.2797	-1.24028	-0.375524	2.81416	11.2341	-0.110312	11.2	-1.25	-0.909822	1.81964
11.2379	-1.11335	-0.409304	2.74166	4.47373	-10.2158	11.15	-1.15	-0.909822	1.81964
11.1191	-0.983739	-1.10299	2.74477	10.8931	-0.0853934	11.05	-0.95	-1.99817	3.99632
11.0457	-0.805875	-1.13162	2.84259	8.17511	-7.29755	10.95	-0.75	-1.99816	3.99632
10.9989	-0.648933	-1.01633	2.84217	10.881	-0.0609808	10.9	-0.649999	-0.908549	1.8171
10.9281	-0.514678	-1.03916	2.78494	9.24524	-5.70697	10.85	-0.549999	-0.908532	1.81708
10.8202	-0.376635	-1.40404	2.74588	10.8539	-0.0403174	10.75	-0.45	-1.8174	1.81738
10.7262	-0.269724	-1.42816	2.63372	10.0175	-3.62801	10.65	-0.35	-1.8174	1.81738
10.5482	-0.153069	-2.14006	2.55195	10.5091	-0.0233211	10.5	-0.25	-2.72796	1.81864
10.4147	-0.0625432	-2.16158	2.42596	10.2261	-1.5558	10.35	-0.15	-2.72796	1.81864
10.3168	0.0588671	-2.01685	2.39957	10.4887	-0.00774292	10.25	-0.0999996	-1.81964	0.909826
10.1977	0.104787	-2.02201	2.18357	10.1419	-0.489682	10.15	-0.0499992	-1.81963	0.909818
10.0466	0.194999	-2.30773	2.09803	9.92588	0.000398758	10	9.49949e-07	-2.73049	0.910169
9.91058	0.211924	-2.31256	1.85052	9.85066	0.346628	9.85	0.0500011	-2.73047	0.910161
9.75553	0.281588	-2.51238	1.76063	9.63991	0.00607597	9.7	0.0500011	-2.72439	0
9.60776	0.257276	-2.51503	1.45489	9.53998	0.357867	9.55	0.0500011	-2.72438	0
9.45085	0.309103	-2.64968	1.37775	9.3231	0.0120556	9.4	0.100001	-2.72773	0.90923
9.29639	0.303376	-2.65588	1.17156	9.13566	1.41413	9.25	0.15	-2.7277	0.909222
9.14513	0.346902	-2.69481	1.11642	9.06362	0.022153	9.1	0.2	-2.72652	0.908843
8.98926	0.3567	-2.70232	0.985329	8.64617	2.30259	8.95	0.25	-2.72653	0.908843
8.89298	0.395067	-2.33266	0.960229	8.90542	0.0277555	8.85	0.25	-1.81847	0
8.76609	0.383559	-2.32475	0.796733	8.45722	2.28381	8.75	0.25	-1.81846	0
8.55467	0.397206	-2.92585	0.693702	8.46751	0.0305697	8.55	0.25	-3.6326	0
8.38813	0.372434	-2.92909	0.532929	8.08858	2.08774	8.35	0.25	-3.6326	0
8.24208	0.380426	-2.82172	0.48202	8.05524	0.0300307	8.2	0.25	-2.72841	0
8.08245	0.352755	-2.82458	0.343142	7.80794	1.97605	8.05	0.25	-2.72842	0
7.94272	0.347691	-2.714	0.284939	7.78925	0.0264196	7.9	0.2	-2.72708	-0.909025
7.7861	0.289562	-2.72047	0.0948065	7.66321	1.11141	7.75	0.15	-2.72705	-0.909016
7.63818	0.262488	-2.72117	0.0105266	7.77406	0.0124693	7.6	0.100001	-2.73169	-0.910554
7.48388	0.190511	-2.72508	-0.177455	7.44601	0.336828	7.45	0.0500011	-2.73169	-0.910554
7.32497	0.159086	-2.88481	-0.238926	7.15342	0.00594389	7.3	0.0500011	-2.99789	0
7.17862	0.10939	-2.88684	-0.337369	7.16322	0.206123	7.15	0.0500011	-2.9979	0
7.09067	0.0632966	-2.38309	-0.40697	7.1723	-0.00654331	7.05	-0.0499995	-1.81811	-1.81813
6.95921	-0.0192639	-2.3835	-0.56498	6.87848	-1.02381	6.95	-0.15	-1.8181	-1.81811
6.86404	-0.0910132	-2.12335	-0.675437	6.83466	-0.0366127	6.85	-0.25	-1.81646	-1.81646
6.75032	-0.197098	-2.12045	-0.857428	6.36459	-2.28975	6.75	-0.35	-1.81645	-1.81645
6.66862	-0.290006	-1.86825	-0.987841	6.76349	-0.0677279	6.65	-0.45	-1.81901	-1.819
6.56117	-0.413993	-1.88134	-1.17299	5.52542	-3.50938	6.55	-0.549999	-1.81899	-1.81898
6.53537	-0.550815	-1.31078	-1.40216	6.60824	-0.114463	6.5	-0.749999	-0.909789	-3.63914
6.45781	-0.725077	-1.33315	-1.66137	3.79936	-5.21149	6.45	-0.949999	-0.909781	-3.63911
6.41706	-0.876814	-1.12173	-1.86939	6.53751	-0.171029	6.4	-1.1	-1.0002	-3.00061
6.35356	-1.05682	-1.15283	-2.1005	1.93178	-6.04278	6.35	-1.25	-1.0002	-3.00061
6.31142	-1.20579	-1.01855	-2.24108	6.5388	-0.210302	6.3	-1.35	-1.00035	-2.00072
6.25691	-1.34994	-1.03425	-2.32668	0.881844	-6.19107	6.25	-1.45	-1.00036	-2.00072
6.26957	-1.52969	-0.530525	-2.59336	6.45227	-0.252379	6.25	-1.6	0	-2.99288
6.23911	-1.68611	-0.546888	-2.66355	-1.132	-6.13186	6.25	-1.75	0	-2.99285
6.27485	-1.88214	-0.0426441	-2.91345	6.69539	-0.29245	6.3	-1.9	0.909739	-2.72921
6.28691	-2.04294	-0.0186097	-2.91246	-2.94816	-5.6227	6.35	-2.05	0.909735	-2.72921
6.28658	-2.19819	-0.0273177	-2.89507	6.91179	-0.333634	6.35	-2.2	0	-2.72782
6.30276	-2.34866	0.00758293	-2.86879	-4.42531	-4.58072	6.35	-2.35	0	-2.72779
6.31002	-2.51632	0.0676747	-2.91451	6.75717	-0.381912	6.35	-2.55	0	-3.63689
6.31714	-2.69178	0.0660914	-2.95212	-5.82302	-2.51484	6.35	-2.75	0	-3.63689
6.36439	-2.88898	0.395458	-3.155	7.08951	-0.424996	6.4	-2.9	0.908854	-2.72658
6.3974	-3.05987	0.41706	-3.14528	-6.41857	-0.50827	6.45	-3.05	0.908859	-2.72658
6.43785	-3.23423	0.526657	-3.18442	7.23743	-0.457996	6.5	-3.2	0.908863	-2.72658
6.48577	-3.38622	0.573851	-3.12209	-6.40484	1.30177	6.55	-3.35	0.908855	-2.72655
6.53129	-3.54726	0.635087	-3.10813	7.57641	-0.485339	6.6	-3.5	0.908714	-2.72613
6.58907	-3.69082	0.692408	-3.03484	-5.83973	3.17403	6.65	-3.65	0.908702	-2.72611
6.64228	-3.85513	0.776574	-3.05634	7.7195	-0.517274	6.7	-3.8	0.909565	-2.72871
6.70344	-4.00201	0.822627	-3.00006	-4.5939	4.94399	6.75	-3.95	0.909561	-2.72869
6.74973	-4.15249	0.801453	-2.94525	7.86967	-0.543033	6.8	-4.1	0.908566	-2.72568
6.81286	-4.29307	0.848976	-2.88834	-3.03074	6.15193	6.85	-4.25	0.908561	-2.72569
6.90456	-4.47277	1.14497	-3.06794	8.40442	-0.563739	6.95	-4.4	1.81821	-2.72732
6.99225	-4.61174	1.20798	-2.99029	-1.08948	6.96206	7.05	-4.55	1.81822	-2.72732
7.0537	-4.75574	1.14122	-2.8983	8.42068	-0.584245	7.1	-4.7	0.91085	-2.73253
7.12498	-4.89628	1.16773	-2.85274	1.01413	7.0619	7.15	-4.85	0.910837	-2.73251
7.1711	-5.01342	1.04552	-2.71897	8.79053	-0.601801	7.2	-4.95	1.00033	-2.00068
7.23778	-5.11823	1.09014	-2.64341	2.37545	6.85316	7.25	-5.05	1.00033	-2.00066
7.34217	-5.28155	1.43628	-2.8891	8.83775	-0.614588	7.35	-5.2	1.9976	-2.9964
7.42483	-5.4031	1.46947	-2.83336	4.41604	5.98275	7.45	-5.35	1.9976	-2.9964
7.46638	-5.51129	1.14983	-2.53989	9.16064	-0.628545	7.5	-5.45	0.908252	-1.8165
7.5426	-5.62538	1.18819	-2.47762	5.70077	4.96021	7.55	-5.55	0.908244	-1.81648
7.63531	-5.77741	1.38161	-2.61507	9.23072	-0.641835	7.65	-5.7	1.81785	-2.72677
7.73073	-5.89456	1.43285	-2.54842	7.02276	3.31206	7.75	-5.85	1.81785	-2.72677
7.77012	-5.99307	1.12519	-2.27597	9.88168	-0.653279	7.8	-5.95	0.909078	-1.81815
7.84478	-6.09493	1.1617	-2.21971	7.63736	1.85415	7.85	-6.05	0.909073	-1.81815
7.94423	-6.24165	1.41005	-2.41067	10.0026	-0.661119	7.95	-6.2	1.8197	-2.72955
8.03165	-6.36732	1.43278	-2.39181	8.03218	-0.62152	8.05	-6.35	1.81969	-2.72953
8.13374	-6.5146	1.5899	-2.51276	10.5053	-0.671666	8.15	-6.5	1.8187	-2.72807
8.23011	-6.64874	1.60937	-2.50039	7.70973	-2.94893	8.25	-6.65	1.81869	-2.72804
8.2776	-6.74679	1.3033	-2.23077	10.7287	-0.683001	8.3	-6.75	0.908979	-1.81795
8.34346	-6.86359	1.29476	-2.22046	7.06133	-4.39485	8.35	-6.85	0.908979	-1.81795
8.41559	-6.99094	1.31503	-2.24897	10.7785	-0.696037	8.4	-7	0.909094	-2.72732
8.47241	-7.13003	1.27721	-2.28829	5.44007	-6.45524	8.45	-7.15	0.909102	-2.72732
8.57227	-7.28507	1.49744	-2.4888	11.2099	-0.704456	8.55	-7.3	1.81751	-2.72628
8.65163	-7.43561	1.48492	-2.51888	3.24459	-8.02812	8.65	-7.45	1.81752	-2.72628
8.69775	-7.54052	1.22103	-2.27902	11.7082	-0.715625	8.7	-7.55	0.908615	-1.81723
8.76789	-7.65841	1.23047	-2.26194	1.85378	-8.56947	8.75	-7.65	0.908607	-1.81721
8.86727	-7.81336	1.46587	-2.47941	11.6937	-0.721585	8.85	-7.8	1.8215	-2.73224
8.94998	-7.94928	1.47039	-2.47806	-0.872504	-8.91409	8.95	-7.95	1.82148	-2.73221
9.02698	-8.08252	1.50514	-2.52528	12.2718	-0.734453	9	-8.1	0.999025	-2.99707
9.0868	-8.22244	1.46799	-2.56008	-3.42684	-8.38126	9.05	-8.25	0.999015	-2.99704
9.11887	-8.31811	1.1166	-2.2323	12.4149	-0.743549	9.1	-8.35	0.908285	-1.81657
9.16871	-8.44712	1.09057	-2.24992	-5.12946	-7.56524	9.15	-8.45	0.908268	-1.81655
9.23932	-8.58405	1.17531	-2.3384	12.6031	-0.750086	9.2	-8.6	0.91012	-2.73036
9.28478	-8.7312	1.12835	-2.38492	-7.28454	-5.7012	9.25	-8.75	0.910112	-2.73033
9.34885	-8.87098	1.15858	-2.43105	12.8797	-0.763778	9.3	-8.9	0.909524	-2.72856
9.38977	-9.02275	1.10438	-2.47766	-8.68151	-3.45652	9.35	-9.05	0.909524	-2.72856
9.45464	-9.16338	1.18969	-2.58014	13.1448	-0.77402	9.4	-9.2	0.999066	-2.99725
9.48816	-9.32078	1.12395	-2.64859	-9.43202	-0.498737	9.45	-9.35	0.999075	-2.99724
9.54436	-9.46398	1.09229	-2.62461	13.4009	-0.784169	9.5	-9.5	0.909706	-2.7291
9.58581	-9.62427	1.04718	-2.66479	-9.31425	2.1133	9.55	-9.65	0.909706	-2.7291
9.6391	-9.76284	1.06527	-2.69458	13.6665	-0.79492	9.6	-9.8	1.00048	-3.00143
9.66952	-9.91568	1.01043	-2.7407	-8.36764	4.75453	9.65	-9.95	1.00046	-3.00141
9.70374	-10.0345	0.892863	-2.61301	13.8463	-0.803265	9.7	-10.05	0.998785	-1.99755
9.74904	-10.1615	0.895937	-2.60526	-7.29192	6.4658	9.75	-10.15	0.998775	-1.99754
9.76873	-10.2717	0.678022	-2.36742	14.223	-0.812853	9.75	-10.3	0	-2.72851
9.79007	-10.4187	0.637628	-2.40754	-5.06661	8.3484	9.75	-10.45	0	-2.72849
9.83966	-10.5742	0.756523	-2.5561	14.5847	-0.825059	9.8	-10.6	0.909012	-2.72704
9.86873	-10.7283	0.724578	-2.58807	-2.35946	9.56392	9.85	-10.75	0.909012	-2.72703
9.88636	-10.8419	0.602705	-2.46385	14.7085	-0.837569	9.85	-10.9	0	-3.00318
9.89151	-10.9934	0.538103	-2.53007	0.548015	9.84168	9.85	-11.05	0	-3.00316
9.91719	-11.1251	0.547564	-2.55739	14.7337	-0.847854	9.85	-11.2	0	-3.00013
9.90659	-11.2892	0.452251	-2.64374	3.47634	9.20982	9.85	-11.35	0	-3.00012
9.92872	-11.4318	0.474418	-2.69704	15.0821	-0.863946	9.85	-11.5	0	-2.99592
9.9131	-11.5977	0.378458	-2.77294	5.9635	7.8263	9.85	-11.65	0	-2.99592
9.88024	-11.6807	-0.0196374	-2.27691	15.2386	-0.875133	9.8	-11.75	-0.908731	-1.81746
9.83632	-11.8301	-0.120288	-2.34035	7.35872	6.39278	9.75	-11.85	-0.908731	-1.81746
9.81768	-11.9528	-0.188658	-2.27731	15.5821	-0.891812	9.7	-12	-0.909591	-2.72875
9.75196	-12.1111	-0.320239	-2.36229	8.80315	3.94044	9.65	-12.15	-0.909582	-2.72873
9.725	-12.2408	-0.359955	-2.34011	15.5818	-0.909263	9.6	-12.3	-0.908879	-2.72667
9.64956	-12.4074	-0.494802	-2.43346	9.49595	1.03025	9.55	-12.45	-0.908879	-2.72665
9.57966	-12.4855	-0.793543	-2.03459	15.6094	-0.92684	9.45	-12.55	-1.82006	-1.82006
9.47572	-12.6277	-0.935912	-2.1146	9.32637	-0.780847	9.35	-12.65	-1.82005	-1.82005
9.38085	-12.6668	-1.27404	-1.64074	15.647	-0.945318	9.2	-12.75	-3.00047	-2.00033
9.22033	-12.7964	-1.50279	-1.76609	8.70732	-2.38481	9.05	-12.85	-3.00048	-2.00033
9.10774	-12.8536	-1.7048	-1.4767	15.5629	-0.965203	8.95	-12.9	-1.81543	-0.907707
8.95661	-12.9589	-1.8392	-1.54186	8.13754	-3.45998	8.85	-12.95	-1.81542	-0.907708
8.84293	-13.0326	-1.91056	-1.45264	15.6346	-0.983091	8.7	-13.05	-2.73134	-1.82089
8.67548	-13.137	-2.05776	-1.51974	7.16318	-4.67396	8.55	-13.15	-2.73135	-1.82089
8.51865	-13.1097	-2.47153	-0.806209	15.4056	-1.00393	8.4	-13.15	-2.99683	0
8.35191	-13.1614	-2.57084	-0.841789	6.89787	-4.54326	8.25	-13.15	-2.9968	0
8.21055	-13.2161	-2.55036	-0.897411	15.3433	-1.01881	8.1	-13.2	-2.72707	-0.909028
8.03494	-13.2716	-2.63114	-0.919997	6.16602	-5.03155	7.95	-13.25	-2.72705	-0.90902
7.87009	-13.2797	-2.79098	-0.618026	15.5514	-1.04048	7.8	-13.25	-2.7295	0
7.69153	-13.3062	-2.84405	-0.612222	5.91628	-4.81005	7.65	-13.25	-2.7295	0
7.53786	-13.3084	-2.93867	-0.416777	15.2679	-1.05671	7.5	-13.25	-2.99994	0
7.38129	-13.3145	-2.95386	-0.393965	5.7041	-4.62241	7.35	-13.25	-2.99994	0
7.19856	-13.2718	-3.14385	0.0425717	15.0325	-1.07149	7.2	-13.2	-2.72698	0.908995
7.04219	-13.243	-3.09556	0.0945354	5.84095	-3.94672	7.05	-13.15	-2.72695	0.908987
6.86652	-13.219	-3.14609	0.217525	14.707	-1.09054	6.85	-13.15	-3.63709	0
6.68262	-13.1998	-3.16794	0.227344	5.51182	-3.72273	6.65	-13.15	-3.63709	0
6.51178	-13.1476	-3.28214	0.50995	14.7389	-1.11096	6.5	-13.1	-3.0006	1.00018
6.3555	-13.1037	-3.25682	0.543847	5.65496	-2.89554	6.35	-13.05	-3.0006	1.00019
6.19833	-13.1355	-3.07904	0.109326	14.5358	-1.1248	6.25	-13.05	-1.81729	0
6.07458	-13.1034	-2.96397	0.167002	5.44815	-2.84142	6.15	-13.05	-1.81729	0
5.89694	-13.0149	-3.14331	0.705137	14.2651	-1.13707	6	-12.95	-2.72861	1.81906
5.7823	-12.9372	-2.99429	0.787713	5.64437	-1.58908	5.85	-12.85	-2.72861	1.81907
5.63399	-12.8805	-3.01802	0.897743	14.0885	-1.15135	5.7	-12.8	-2.99988	0.999964
5.51205	-12.8129	-2.94218	0.943924	5.45926	-1.006	5.55	-12.75	-2.99985	0.999954
5.37363	-12.7775	-2.89638	0.852224	13.857	-1.16639	5.45	-12.7	-2.00001	1
5.27745	-12.708	-2.77308	0.910143	5.34013	-0.406252	5.35	-12.65	-1.99998	0.999994
5.13694	-12.6206	-2.84227	1.18736	13.6105	-1.17364	5.25	-12.55	-1.99732	1.99733
5.05029	-12.5273	-2.69974	1.25847	5.09376	0.670454	5.15	-12.45	-1.9973	1.9973
4.90765	-12.4389	-2.71399	1.38362	13.5812	-1.18332	5.05	-12.35	-1.8206	1.82059
4.82985	-12.3274	-2.5345	1.46133	4.68931	1.56738	4.95	-12.25	-1.82058	1.82058
4.69547	-12.1771	-2.67428	1.9894	13.1093	-1.18836	4.85	-12.1	-1.9998	2.99969
4.63283	-12.0428	-2.49501	2.06557	3.8976	2.71582	4.75	-11.95	-1.9998	2.9997
4.5275	-11.963	-2.39999	1.87602	12.6605	-1.19538	4.7	-11.85	-1.00002	2.00003
4.49223	-11.833	-2.1879	1.95796	3.18196	3.37663	4.65	-11.75	-1.00001	2.00002
4.38536	-11.6915	-2.24423	2.24433	12.5025	-1.19544	4.6	-11.6	-0.998955	2.99688
4.37766	-11.5393	-1.98384	2.33774	2.03543	4.08743	4.55	-11.45	-0.99896	2.99689
4.28915	-11.3974	-1.98816	2.4863	12.067	-1.19146	4.5	-11.3	-1.00106	3.00319
4.28658	-11.2331	-1.74621	2.57919	0.652958	4.41212	4.45	-11.15	-1.00106	3.00319
4.23037	-11.1509	-1.53189	2.11753	11.9516	-1.19047	4.45	-11.05	0	1.8168
4.24978	-11.0015	-1.27613	2.20108	-0.191104	4.43391	4.45	-10.95	0	1.81679
4.2005	-10.8702	-1.26392	2.31872	11.5778	-1.18044	4.45	-10.8	0	3.00139
4.24827	-10.7182	-0.990083	2.41177	-1.45953	4.20921	4.45	-10.65	0	3.00138
4.2402	-10.6429	-0.788354	2.05043	11.4567	-1.17215	4.45	-10.55	0	2.00041
4.2886	-10.5067	-0.570107	2.13477	-2.34162	3.78628	4.45	-10.45	0	2.00038
4.27832	-10.3902	-0.527427	2.16696	11.1439	-1.15943	4.5	-10.3	0.999584	2.99875
4.35791	-10.2351	-0.262469	2.28139	-3.45461	2.96647	4.55	-10.15	0.999574	2.99871
4.35468	-10.0861	-0.267526	2.41667	10.9977	-1.14265	4.55	-10	0	2.72717
4.41894	-9.91666	-0.0702724	2.50736	-4.16952	1.84433	4.55	-9.85	0	2.72714
4.45199	-9.7982	0.0880524	2.31827	10.7057	-1.12424	4.65	-9.7	1.8193	2.72895
4.56027	-9.62346	0.345228	2.43919	-4.715	0.522862	4.75	-9.55	1.81929	2.72894
4.58901	-9.47585	0.337029	2.57807	10.4189	-1.09757	4.8	-9.4	1.00006	3.00019
4.68873	-9.30892	0.542153	2.67833	-4.76297	-0.885567	4.85	-9.25	1.00005	3.00015
4.78321	-9.23022	0.886503	2.21922	10.4688	-1.07438	4.95	-9.15	2.00004	2.00005
4.89375	-9.08737	1.05002	2.30453	-4.63776	-1.92874	5.05	-9.05	2.00004	2.00004
4.94056	-8.94154	0.963741	2.50397	10.323	-1.05092	5.1	-8.9	0.999704	2.99911
5.0405	-8.78739	1.09207	2.57984	-3.95177	-3.28852	5.15	-8.75	0.999689	2.99907
5.1553	-8.68955	1.39307	2.21211	10.3067	-1.02629	5.25	-8.65	1.81848	1.81849
5.27194	-8.55827	1.48708	2.24861	-3.51301	-4.05365	5.35	-8.55	1.81846	1.81846
5.3392	-8.42319	1.40928	2.3941	9.90444	-0.995544	5.45	-8.4	2.00068	3.00103
5.45121	-8.28228	1.50995	2.45464	-2.14657	-5.10587	5.55	-8.25	2.00066	3.00099
5.57225	-8.18906	1.76441	2.19098	9.78462	-0.965647	5.65	-8.15	1.99952	1.99953
5.6868	-8.06677	1.82723	2.22883	-1.13015	-5.63366	5.75	-8.05	1.9995	1.9995
5.76978	-7.9445	1.76645	2.30612	9.80473	-0.939805	5.8	-7.95	0.999944	1.99989
5.85186	-7.84207	1.74791	2.27809	-0.160606	-5.84758	5.85	-7.85	0.999939	1.99988
5.95376	-7.73936	1.83875	2.18458	9.71238	-0.915003	5.95	-7.75	1.99772	1.99772
6.043	-7.63455	1.83095	2.1742	1.23943	-5.91178	6.05	-7.65	1.99771	1.9977
6.15687	-7.52639	1.91808	2.0854	9.7524	-0.886108	6.15	-7.55	1.8199	1.8199
6.25254	-7.424	1.89272	2.05586	2.43474	-5.74395	6.25	-7.45	1.8199	1.81991
6.39201	-7.35153	2.17839	1.79575	9.5193	-0.854097	6.4	-7.35	2.99605	1.99736
6.51621	-7.25425	2.21321	1.81907	3.72754	-5.39151	6.55	-7.25	2.99605	1.99736
6.66065	-7.17342	2.36855	1.67448	9.83822	-0.825564	6.65	-7.2	1.8206	0.910303
6.77299	-7.10464	2.32284	1.61721	4.33505	-5.16957	6.75	-7.15	1.8206	0.910298
6.85782	-7.00811	2.13195	1.76079	9.75541	-0.799682	6.85	-7.05	1.99848	1.99848
6.9584	-6.93166	2.11498	1.73335	5.41668	-4.36	6.95	-6.95	1.99846	1.99846
7.10066	-6.85373	2.2853	1.59631	9.98866	-0.768765	7.1	-6.85	2.72688	1.81792
7.23551	-6.75316	2.30869	1.62802	6.54978	-3.10686	7.25	-6.75	2.72688	1.81792
7.33105	-6.64541	2.09881	1.78273	10.0188	-0.735659	7.35	-6.65	1.81821	1.81821
7.4507	-6.54628	2.10774	1.78733	7.20234	-1.9564	7.45	-6.55	1.81821	1.81821
7.57995	-6.46226	2.21214	1.69525	9.96291	-0.711687	7.55	-6.5	1.81726	0.908632
7.68172	-6.40061	2.16114	1.6165	7.52784	-1.38248	7.65	-6.45	1.81726	0.908632
7.84172	-6.34248	2.45367	1.39806	10.1729	-0.687264	7.8	-6.4	2.72951	0.909839
7.96143	-6.2918	2.41461	1.33327	7.92662	-0.4879	7.95	-6.35	2.72948	0.909826
8.04259	-6.20755	2.16111	1.48651	9.98859	-0.65929	8.05	-6.25	2.00047	2.00048
8.14329	-6.13844	2.14512	1.47114	8.04487	1.12792	8.15	-6.15	2.00048	2.00048
8.27283	-6.05986	2.21466	1.43808	10.2866	-0.629609	8.3	-6.05	2.72702	1.81801
8.40941	-5.97343	2.24554	1.46201	8.04607	2.59163	8.45	-5.95	2.727	1.818
8.51874	-5.89876	2.22508	1.47451	10.375	-0.605303	8.55	-5.9	2.00127	1.00064
8.63208	-5.8268	2.22848	1.47189	7.78449	3.75328	8.65	-5.85	2.00128	1.00064
8.76972	-5.76246	2.39867	1.38578	10.625	-0.579961	8.8	-5.75	2.99963	1.99976
8.90508	-5.6751	2.43352	1.43415	7.18428	5.32499	8.95	-5.65	2.99961	1.99974
8.99992	-5.58711	2.23176	1.55116	10.8081	-0.549553	9.05	-5.55	1.99699	1.997
9.12492	-5.48946	2.26277	1.60288	6.17299	6.75864	9.15	-5.45	1.997	1.99701
9.22616	-5.3883	2.09473	1.69404	10.5876	-0.523958	9.25	-5.35	1.8166	1.81659
9.34726	-5.27624	2.11121	1.73969	4.6759	8.09511	9.35	-5.25	1.8166	1.81659
9.44677	-5.17228	1.99419	1.79926	10.6878	-0.497879	9.45	-5.15	1.8222	1.82219
9.55493	-5.06614	1.99402	1.81574	3.13615	9.01197	9.55	-5.05	1.82219	1.82219
9.67729	-4.98708	2.15827	1.73484	10.8597	-0.480893	9.65	-5	1.99604	0.998028
9.775	-4.91607	2.1352	1.69323	2.22744	9.49215	9.75	-4.95	1.99605	0.998028
9.85946	-4.8169	1.91391	1.77017	11.0125	-0.457284	9.85	-4.85	1.81895	1.81894
9.95766	-4.73489	1.89726	1.7314	0.497846	9.93255	9.95	-4.75	1.81894	1.81894
10.0327	-4.62978	1.68983	1.81303	11.0854	-0.430334	10.05	-4.6	1.81966	2.72951
10.1332	-4.50366	1.71025	1.87834	-2.59746	9.80002	10.15	-4.45	1.81965	2.72948
10.2281	-4.39649	1.71115	1.88871	11.0567	-0.402233	10.25	-4.35	1.81908	1.81907
10.3299	-4.27977	1.72791	1.92223	-4.52789	9.30614	10.35	-4.25	1.81908	1.81907
10.4126	-4.17649	1.68806	1.95154	11.3494	-0.375162	10.45	-4.1	2.00061	3.0009
10.5157	-4.03606	1.73023	2.06065	-7.21098	7.70873	10.55	-3.95	2.0006	3.0009
10.6301	-3.92996	1.90667	2.03349	11.455	-0.3466	10.65	-3.85	1.99963	1.99964
10.7324	-3.80101	1.92454	2.10119	-8.82329	6.12244	10.75	-3.75	1.99962	1.99962
10.754	-3.67868	1.39592	2.24683	11.3478	-0.321223	10.8	-3.6	0.999844	2.99952
10.8372	-3.521	1.42739	2.36048	-10.3961	3.13869	10.85	-3.45	0.999834	2.99949
10.9504	-3.40308	1.71399	2.31117	11.4637	-0.297497	10.95	-3.35	2.00065	2.00064
11.0405	-3.27487	1.72345	2.34331	-10.984	1.20966	11.05	-3.25	2.00064	2.00064
11.0676	-3.14867	1.30371	2.43165	11.4488	-0.271915	11.1	-3.1	0.998546	2.99563
11.1408	-2.99825	1.32121	2.50376	-10.9398	-2.1902	11.15	-2.95	0.998526	2.9956
11.1316	-2.85231	0.737153	2.60721	11.4825	-0.245369	11.15	-2.8	0	2.73104
11.1685	-2.69017	0.733489	2.65241	-9.82612	-5.25064	11.15	-2.65	0	2.73102
11.1719	-2.54474	0.475464	2.68276	11.3918	-0.225176	11.15	-2.55	0	1.81785
11.1866	-2.42074	0.45414	2.62201	-8.65178	-7.03296	11.15	-2.45	0	1.81785
11.2914	-2.28978	1.03285	2.5583	11.3915	-0.199406	11.25	-2.25	1.99733	3.99465
11.3494	-2.12295	1.04646	2.65513	-5.25591	-10.07	11.35	-2.05	1.99733	3.99465
11.3564	-1.97494	0.688589	2.69125	11.4735	-0.168155	11.35	-1.95	0	1.81854
11.385	-1.84212	0.672523	2.65175	-3.30548	-10.8584	11.35	-1.85	0	1.81853
11.3926	-1.6977	0.464042	2.66346	11.5444	-0.147849	11.35	-1.7	0	2.72762
11.407	-1.54562	0.446052	2.67506	0.439924	-11.3483	11.35	-1.55	0	2.72762
11.342	-1.4042	-0.185463	2.69593	11.3388	-0.12234	11.3	-1.4	-0.908846	2.72653
11.3152	-1.25249	-0.212338	2.70134	3.62633	-10.642	11.25	-1.25	-0.908846	2.72653
11.214	-1.11164	-0.84226	2.70765	11.1287	-0.0978734	11.15	-1.1	-1.82014	2.73021
11.1467	-0.951202	-0.876165	2.73326	6.63464	-8.84202	11.05	-0.949999	-1.82013	2.73021
11.0782	-0.816229	-1.04662	2.73305	10.9533	-0.0723018	11	-0.799999	-1.00036	3.00107
11.0109	-0.666353	-1.07018	2.76391	8.77465	-6.53938	10.95	-0.65	-1.00035	3.00104
10.8921	-0.534883	-1.52971	2.74955	10.7256	-0.0453229	10.85	-0.5	-2.00003	3.00006
10.8033	-0.385482	-1.54919	2.77776	10.0486	-3.81134	10.75	-0.35	-2.00002	3.00003
10.7056	-0.241524	-1.63766	2.75442	10.6938	-0.0284812	10.65	-0.3	-1.81779	0.908892
10.603	-0.15269	-1.65308	2.59643	10.1742	-2.77942	10.55	-0.25	-1.81778	0.908893
10.444	-0.0488542	-2.20576	2.51878	10.5043	-0.0147089	10.4	-0.15	-3.00061	2.00041
10.3188	0.0342066	-2.2251	2.41014	10.2369	-0.487157	10.25	-0.0499992	-3.0006	2.00041
10.2242	0.135959	-2.10284	2.36603	10.141	-0.00711558	10.15	-0.0499992	-1.99645	0
10.1055	0.150558	-2.11272	2.10414	10.0178	-0.520001	10.05	-0.0499992	-1.99644	0
9.95708	0.23339	-2.3558	2.01174	10.0898	-0.000164915	9.9	9.49949e-07	-2.73175	0.910584
9.81607	0.241249	-2.36381	1.75289	9.73642	0.453025	9.75	0.0500011	-2.73174	0.910584
9.65486	0.297074	-2.67404	1.65906	9.50438	0.00876647	9.6	0.100001	-2.99544	0.998471
9.51227	0.302418	-2.67954	1.46249	9.35281	1.40834	9.45	0.15	-2.99545	0.998471
9.4108	0.363883	-2.34856	1.42822	9.22961	0.0175293	9.35	0.15	-1.81963	0
9.2787	0.338544	-2.34323	1.16544	9.15435	1.28834	9.25	0.15	-1.81962	0
9.1217	0.370422	-2.63428	1.08576	9.07524	0.0226968	9.1	0.2	-3.00059	1.0002
8.9872	0.366655	-2.63319	0.938327	8.6821	2.22557	8.95	0.25	-3.0006	1.0002
8.83799	0.392812	-2.76398	0.879441	8.84543	0.0291284	8.8	0.25	-2.99995	0
8.69418	0.374221	-2.767	0.719961	8.39681	2.10261	8.65	0.25	-2.99994	0
8.54997	0.3895	-2.80901	0.664625	8.43911	0.029295	8.5	0.25	-2.99323	0
8.39909	0.367725	-2.82001	0.523671	8.08092	2.07002	8.35	0.25	-2.9932	0
8.25725	0.376462	-2.73162	0.475274	8.27433	0.0294916	8.2	0.25	-2.73233	0
8.09629	0.356481	-2.74581	0.356942	7.76678	2.07221	8.05	0.25	-2.73234	0
7.95266	0.349277	-2.79937	0.289965	7.98315	0.0256301	7.9	0.2	-3.00234	-1.00078
7.80055	0.295606	-2.81382	0.114214	7.64736	1.14952	7.75	0.15	-3.00231	-1.00077
7.64166	0.27768	-2.94309	0.0489598	7.46312	0.019266	7.6	0.15	-2.99599	0
7.48827	0.239298	-2.95024	-0.0568737	7.37163	1.10879	7.45	0.15	-2.99596	0
7.39694	0.213514	-2.44069	-0.105051	7.38047	0.0128858	7.35	0.100001	-1.81801	-0.908998
7.26451	0.159054	-2.43594	-0.231969	7.25613	0.399752	7.25	0.0500011	-1.81801	-0.908998
7.11113	0.113742	-2.5865	-0.319556	7.32563	-0.00630343	7.1	-0.0499995	-2.72495	-1.81664
6.96285	0.022946	-2.59494	-0.511565	6.86975	-0.921431	6.95	-0.15	-2.72492	-1.81662
6.93017	-0.0608541	-1.8145	-0.663078	7.10159	-0.0371997	6.9	-0.25	-0.910634	-1.82126
6.8341	-0.175171	-1.81031	-0.868642	6.44943	-2.30203	6.85	-0.35	-0.910622	-1.82124
6.66487	-0.249621	-2.36852	-0.934116	6.66164	-0.0676942	6.7	-0.45	-2.99641	-1.99759
6.54587	-0.369718	-2.37454	-1.12866	5.62705	-3.34797	6.55	-0.549999	-2.99637	-1.99757
6.50466	-0.508474	-1.72076	-1.37162	6.54413	-0.109938	6.5	-0.7	-0.909955	-2.72986
6.41625	-0.665073	-1.72148	-1.58767	4.25164	-4.85636	6.45	-0.85	-0.909955	-2.72986
6.39038	-0.814086	-1.26615	-1.81949	6.50274	-0.154318	6.4	-1	-0.999224	-2.99766
6.3288	-0.980098	-1.2793	-2.01917	2.52397	-5.83273	6.35	-1.15	-0.99921	-2.99763
6.27397	-1.14178	-1.13434	-2.17845	6.27693	-0.205206	6.3	-1.3	-0.908722	-2.72618
6.21106	-1.31789	-1.15142	-2.32797	0.727152	-6.18732	6.25	-1.45	-0.908718	-2.72616
6.26162	-1.53142	-0.286993	-2.71867	6.57101	-0.247004	6.3	-1.6	0.910485	-2.73144
6.26308	-1.69866	-0.264808	-2.76327	-1.13941	-6.24158	6.35	-1.75	0.910481	-2.73144
6.26846	-1.85393	-0.122365	-2.8416	6.61568	-0.2897	6.35	-1.9	0	-2.99515
6.27957	-2.00513	-0.0976557	-2.8612	-2.8686	-5.67441	6.35	-2.05	0	-2.99515
6.28087	-2.16887	-0.0498794	-2.89097	6.82616	-0.333515	6.35	-2.2	0	-2.72856
6.29018	-2.32901	-0.0297543	-2.89139	-4.41373	-4.55212	6.35	-2.35	0	-2.72854
6.33658	-2.52045	0.327258	-3.08263	6.98476	-0.375575	6.4	-2.5	0.908227	-2.7247
6.37678	-2.67426	0.374262	-3.03691	-5.69025	-3.04266	6.45	-2.65	0.908223	-2.72467
6.36558	-2.80555	0.112347	-2.85151	7.04974	-0.410031	6.45	-2.8	0	-2.72732
6.39125	-2.95156	0.152821	-2.81927	-6.32689	-1.29282	6.45	-2.95	0	-2.7273
6.44765	-3.14317	0.516457	-3.04532	7.07693	-0.451697	6.5	-3.15	0.909078	-3.6363
6.48927	-3.31517	0.537895	-3.05253	-6.41633	1.28374	6.55	-3.35	0.90907	-3.63626
6.52795	-3.48735	0.598127	-3.08599	7.52682	-0.488801	6.6	-3.5	0.910038	-2.7301
6.58137	-3.65528	0.636599	-3.07564	-5.74608	3.35946	6.65	-3.65	0.910033	-2.7301
6.61832	-3.81595	0.629634	-3.04498	7.721	-0.51755	6.7	-3.8	0.908095	-2.7243
6.67545	-3.97083	0.678354	-3.00719	-4.61377	4.91911	6.75	-3.95	0.908091	-2.72428
6.70761	-4.11623	0.61101	-2.91884	7.85227	-0.5424	6.8	-4.1	0.910949	-2.73284
6.76529	-4.26377	0.663244	-2.8808	-3.02291	6.13372	6.85	-4.25	0.910945	-2.73284
6.78652	-4.37779	0.53425	-2.73302	8.11508	-0.562462	6.9	-4.35	0.999834	-1.99968
6.84859	-4.48871	0.614824	-2.66038	-1.77645	6.71788	6.95	-4.45	0.999829	-1.99966
6.93393	-4.65259	0.986183	-2.90622	8.35836	-0.579578	7.05	-4.6	1.99653	-2.99479
7.02234	-4.77879	1.06993	-2.84672	0.384351	7.13304	7.15	-4.75	1.99653	-2.99479
7.06597	-4.89094	0.951895	-2.69934	8.58227	-0.592606	7.2	-4.85	1.00098	-2.00196
7.15236	-4.99458	1.04241	-2.61337	1.68876	7.05965	7.25	-4.95	1.00097	-2.00194
7.21062	-5.12622	1.02091	-2.56403	8.88891	-0.610082	7.3	-5.1	0.90969	-2.72906
7.28529	-5.25685	1.06191	-2.53366	3.75252	6.30739	7.35	-5.25	0.909677	-2.72904
7.39148	-5.42151	1.44197	-2.81919	9.05785	-0.626214	7.45	-5.4	1.99976	-2.99964
7.48467	-5.55375	1.48688	-2.79121	5.62778	5.0328	7.55	-5.55	1.99976	-2.99964
7.52781	-5.65658	1.2356	-2.56159	9.4601	-0.639334	7.6	-5.65	1.00038	-2.00076
7.60643	-5.76661	1.2775	-2.51496	6.51894	3.99335	7.65	-5.75	1.00037	-2.00074
7.69964	-5.91917	1.43657	-2.63143	9.60303	-0.650794	7.75	-5.9	1.81659	-2.7249
7.7957	-6.05528	1.47402	-2.60544	7.63347	1.80493	7.85	-6.05	1.81659	-2.7249
7.8377	-6.15457	1.16272	-2.32048	10.0235	-0.660739	7.9	-6.15	0.909251	-1.81851
7.91564	-6.27181	1.1953	-2.29226	7.94796	0.187728	7.95	-6.25	0.909247	-1.81849
8.00094	-6.40393	1.31108	-2.36193	10.3121	-0.667107	8.05	-6.35	1.81576	-1.81577
8.10133	-6.50513	1.38053	-2.28792	8.0341	-1.42162	8.15	-6.45	1.81577	-1.81577
8.20584	-6.64579	1.56387	-2.41809	10.6726	-0.673465	8.25	-6.6	1.8218	-2.73269
8.30501	-6.76577	1.59618	-2.38513	7.4546	-3.72336	8.35	-6.75	1.8218	-2.73269
8.37805	-6.8839	1.48582	-2.29041	10.9601	-0.688074	8.4	-6.9	0.907987	-2.72401
8.45318	-7.01987	1.46798	-2.31432	6.14387	-5.79233	8.45	-7.05	0.907988	-2.72398
8.52751	-7.14909	1.43816	-2.30774	11.191	-0.703148	8.5	-7.2	0.910054	-2.73014
8.58558	-7.30711	1.3821	-2.38301	3.99433	-7.56822	8.55	-7.35	0.910046	-2.73012
8.66069	-7.43395	1.42816	-2.42957	11.4834	-0.710496	8.65	-7.45	1.99827	-1.99828
8.73848	-7.55342	1.44155	-2.42235	2.57619	-8.36896	8.75	-7.55	1.99828	-1.99828
8.81149	-7.68422	1.40495	-2.39767	11.6331	-0.719838	8.8	-7.7	0.909061	-2.72717
8.87528	-7.83029	1.37152	-2.43318	0.000634254	-8.85031	8.85	-7.85	0.909053	-2.72715
8.94159	-7.96009	1.31614	-2.3935	11.9356	-0.731085	8.9	-8	0.908945	-2.72688
8.99056	-8.11818	1.2571	-2.45853	-2.73043	-8.52423	8.95	-8.15	0.908953	-2.72687
9.05585	-8.24987	1.2308	-2.43434	12.2284	-0.739285	9.05	-8.25	1.82026	-1.82027
9.13433	-8.37084	1.2585	-2.4033	-4.33991	-8.05698	9.15	-8.35	1.82025	-1.82026
9.21508	-8.50966	1.39216	-2.53407	12.4412	-0.745624	9.2	-8.5	0.999884	-2.99963
9.26854	-8.64527	1.3558	-2.55937	-6.59826	-6.45273	9.25	-8.65	0.999874	-2.9996
9.33374	-8.77358	1.34546	-2.55637	12.7039	-0.756748	9.3	-8.8	0.999284	-2.99783
9.3868	-8.91851	1.3088	-2.59732	-8.33528	-4.26699	9.35	-8.95	0.999284	-2.99784
9.42346	-9.02666	1.05057	-2.34374	13.1658	-0.767119	9.4	-9.05	0.909209	-1.81844
9.46899	-9.16014	1.0238	-2.35824	-9.10189	-2.49237	9.45	-9.15	0.90921	-1.81843
9.52778	-9.29672	1.05329	-2.39852	13.2358	-0.776088	9.5	-9.3	0.908483	-2.72543
9.57055	-9.43962	1.0175	-2.42695	-9.53532	0.258968	9.55	-9.45	0.908475	-2.72542
9.63083	-9.58107	1.05496	-2.47417	13.696	-0.785123	9.6	-9.6	0.909756	-2.72927
9.68044	-9.73006	1.03205	-2.50401	-9.14106	3.16306	9.65	-9.75	0.909739	-2.72923
9.74432	-9.87441	1.12912	-2.62049	14.0976	-0.795739	9.7	-9.9	0.998626	-2.99586
9.78215	-10.0218	1.08362	-2.66086	-7.92208	5.67866	9.75	-10.05	0.998616	-2.99584
9.80716	-10.1342	0.841542	-2.41111	14.1089	-0.807364	9.75	-10.2	0	-2.72857
9.81413	-10.3033	0.744579	-2.50057	-5.76342	7.86043	9.75	-10.35	0	-2.72854
9.86093	-10.4536	0.803229	-2.58039	14.3022	-0.818543	9.8	-10.5	0.909773	-2.7293
9.88796	-10.6135	0.759863	-2.62343	-3.37607	9.26678	9.85	-10.65	0.909773	-2.7293
9.90397	-10.733	0.582885	-2.43634	14.6457	-0.831495	9.85	-10.8	0	-2.72846
9.90238	-10.896	0.500347	-2.50752	-0.539013	9.83073	9.85	-10.95	0	-2.72844
9.92148	-11.0321	0.457891	-2.47847	14.8355	-0.845076	9.85	-11.1	0	-2.72748
9.90596	-11.2011	0.358859	-2.55889	2.4574	9.52355	9.85	-11.25	0	-2.72745
9.92458	-11.3396	0.383978	-2.61258	15.1415	-0.858804	9.85	-11.4	0	-2.9967
9.91343	-11.5034	0.305629	-2.68906	5.357	8.29134	9.85	-11.55	0	-2.99671
9.90314	-11.6214	0.115678	-2.46614	15.3827	-0.87173	9.8	-11.7	-0.909227	-2.72768
9.85112	-11.8005	-0.0260312	-2.57344	7.42967	6.3098	9.75	-11.85	-0.909218	-2.72765
9.82764	-11.9193	-0.174695	-2.39892	15.4788	-0.888766	9.7	-12	-0.908714	-2.72613
9.75858	-12.0935	-0.318818	-2.50325	8.83433	3.89305	9.65	-12.15	-0.908706	-2.7261
9.70898	-12.1905	-0.546285	-2.20985	15.5601	-0.905614	9.6	-12.25	-0.909639	-1.81931
9.63375	-12.3314	-0.65079	-2.26399	9.28672	2.18394	9.55	-12.35	-0.90964	-1.8193
9.55623	-12.3973	-0.952781	-1.85081	15.5217	-0.921231	9.45	-12.45	-1.81824	-1.81825
9.45205	-12.5237	-1.07414	-1.91674	9.34665	0.26805	9.35	-12.55	-1.81823	-1.81823
9.35679	-12.5824	-1.32805	-1.57055	15.8729	-0.942024	9.2	-12.65	-2.72578	-1.81718
9.2006	-12.7127	-1.52576	-1.6836	8.89032	-1.67689	9.05	-12.75	-2.72576	-1.81717
9.10628	-12.798	-1.58232	-1.62037	15.6473	-0.959771	8.95	-12.85	-1.8192	-1.81921
8.95938	-12.9169	-1.72497	-1.69736	8.23108	-3.24881	8.85	-12.95	-1.81921	-1.81921
8.84732	-12.9915	-1.82942	-1.5554	15.5759	-0.982069	8.7	-13.05	-2.72781	-1.81854
8.67529	-13.1134	-2.00087	-1.64723	7.13483	-4.70752	8.55	-13.15	-2.7278	-1.81853
8.511	-13.0995	-2.42342	-0.918527	15.7178	-1.00436	8.4	-13.15	-2.72644	0
8.33895	-13.1601	-2.5128	-0.949867	6.90044	-4.54001	8.25	-13.15	-2.72641	0
8.18678	-13.1533	-2.71946	-0.574703	15.4407	-1.01846	8.1	-13.15	-3.00083	0
8.02047	-13.185	-2.78766	-0.590543	6.59414	-4.44317	7.95	-13.15	-3.00084	0
7.87004	-13.2302	-2.75215	-0.672259	15.4191	-1.03651	7.8	-13.2	-2.72553	-0.908516
7.6929	-13.2732	-2.81187	-0.69143	5.84875	-4.91664	7.65	-13.25	-2.72554	-0.908516
7.50869	-13.2331	-3.06896	-0.150344	15.2661	-1.05621	7.5	-13.2	-2.72544	0.908483
7.35397	-13.2167	-3.02686	-0.101879	6.17314	-4.00336	7.35	-13.15	-2.72544	0.908483
7.18872	-13.2226	-3.02235	-0.106469	15.0349	-1.07175	7.2	-13.15	-2.73035	0
7.03879	-13.2094	-2.9782	-0.0678411	5.86087	-3.92358	7.05	-13.15	-2.73035	0
6.86675	-13.189	-3.05064	0.0989879	14.893	-1.09086	6.85	-13.15	-3.63616	0
6.69329	-13.1749	-3.05999	0.112718	5.61706	-3.60059	6.65	-13.15	-3.63617	0
6.53747	-13.2033	-2.95608	-0.130422	14.6699	-1.10884	6.55	-13.15	-1.81656	0
6.41151	-13.1917	-2.86477	-0.0874377	5.36699	-3.61163	6.45	-13.15	-1.81657	0
6.24284	-13.1499	-2.98001	0.226211	14.4304	-1.12445	6.3	-13.1	-2.73109	0.910352
6.11423	-13.1083	-2.88824	0.286389	5.502	-2.76396	6.15	-13.05	-2.73109	0.91036
5.93321	-13.0018	-3.10851	0.903578	14.1864	-1.13755	6	-12.95	-2.72331	1.81553
5.80332	-12.9212	-3.00153	0.967824	5.63555	-1.59572	5.85	-12.85	-2.72331	1.81554
5.64544	-12.8742	-2.96915	0.916328	14.1065	-1.15181	5.7	-12.8	-2.72842	0.909475
5.51299	-12.804	-2.89049	0.9585	5.45672	-1.04508	5.55	-12.75	-2.72839	0.909466
5.34679	-12.7062	-2.98475	1.2647	13.8068	-1.16747	5.4	-12.65	-2.731	1.82067
5.20796	-12.6138	-2.91796	1.3104	5.2358	0.103007	5.25	-12.55	-2.731	1.82066
5.05238	-12.5282	-2.92348	1.39141	13.5269	-1.17869	5.15	-12.45	-1.81821	1.8182
4.95412	-12.4209	-2.76648	1.45891	4.937	1.06039	5.05	-12.35	-1.8182	1.8182
4.82342	-12.3342	-2.76423	1.5393	13.3273	-1.18622	4.95	-12.25	-1.99957	1.99957
4.75607	-12.2224	-2.58549	1.61505	4.43694	2.00686	4.85	-12.15	-1.99954	1.99955
4.64647	-12.1558	-2.50456	1.4901	12.9798	-1.18873	4.8	-12.05	-0.999954	1.99993
4.61556	-12.0374	-2.26711	1.58668	3.85166	2.81935	4.75	-11.95	-0.999959	1.99992
4.49398	-11.8885	-2.39302	2.05812	12.539	-1.19655	4.65	-11.8	-2.0002	3.00031
4.43912	-11.7461	-2.22642	2.14008	2.70496	3.64805	4.55	-11.65	-2.0002	3.0003
4.35562	-11.6781	-2.08319	1.83405	12.4176	-1.19677	4.55	-11.55	0	1.99749
4.35919	-11.5441	-1.81414	1.93214	2.01786	4.08074	4.55	-11.45	0	1.99746
4.25301	-11.353	-1.96159	2.5123	12.0696	-1.19087	4.5	-11.25	-0.90916	3.63662
4.26069	-11.1651	-1.67208	2.62652	0.259322	4.44874	4.45	-11.05	-0.909152	3.63659
4.22013	-11.0991	-1.39165	2.01825	11.7368	-1.18684	4.45	-10.95	0	1.81807
4.25957	-10.9453	-1.1037	2.1227	-0.574387	4.42184	4.45	-10.85	0	1.81808
4.21881	-10.8153	-1.06373	2.18232	11.6867	-1.17618	4.45	-10.7	0	2.72865
4.26566	-10.6497	-0.800404	2.29096	-1.89613	4.0154	4.45	-10.55	0	2.72864
4.24368	-10.5191	-0.737857	2.28474	11.3043	-1.16677	4.45	-10.4	0	2.72392
4.29398	-10.3481	-0.509049	2.3907	-3.02275	3.25334	4.45	-10.25	0	2.72391
4.2937	-10.2205	-0.415128	2.32406	11.1445	-1.152	4.5	-10.1	0.909624	2.72885
4.37483	-10.0445	-0.155249	2.44197	-3.94139	2.26917	4.55	-9.95	0.909615	2.72884
4.39949	-9.9167	-0.0340669	2.34268	10.7341	-1.13037	4.6	-9.8	0.909111	2.72733
4.49055	-9.73975	0.199163	2.45973	-4.53761	0.986633	4.65	-9.65	0.909107	2.72732
4.53812	-9.61538	0.341533	2.33019	10.6729	-1.10786	4.75	-9.5	1.81921	2.7288
4.65514	-9.44351	0.584527	2.44502	-4.82051	-0.261713	4.85	-9.35	1.81921	2.7288
4.70882	-9.29761	0.637189	2.47738	10.4052	-1.08079	4.9	-9.2	0.908739	2.72622
4.81727	-9.12048	0.820417	2.58068	-4.58203	-1.85097	4.95	-9.05	0.908743	2.72623
4.91687	-9.02104	1.10174	2.22371	10.3962	-1.05915	5.05	-8.95	1.8169	1.81688
5.03332	-8.87463	1.23757	2.29193	-4.29766	-2.81679	5.15	-8.85	1.81688	1.81688
5.11964	-8.74583	1.30054	2.27301	10.09	-1.02781	5.25	-8.7	1.8201	2.73014
5.24317	-8.59263	1.42839	2.34954	-3.41178	-4.10606	5.35	-8.55	1.82008	2.73013
5.33914	-8.47124	1.51434	2.2689	9.95856	-1.00261	5.4	-8.45	0.910244	1.82049
5.43355	-8.3469	1.53934	2.27391	-2.65011	-4.77617	5.45	-8.35	0.910249	1.8205
5.49779	-8.21378	1.44105	2.41347	10.0625	-0.976143	5.55	-8.2	1.99657	2.99484
5.5927	-8.07977	1.49616	2.45009	-1.15225	-5.51964	5.65	-8.05	1.99657	2.99485
5.71828	-7.97317	1.7451	2.20001	9.6935	-0.942624	5.75	-7.95	1.81871	1.81872
5.82281	-7.84979	1.76481	2.20921	0.0129242	-5.84352	5.85	-7.85	1.81871	1.81871
5.95621	-7.75298	1.98273	1.99624	9.73588	-0.912814	6	-7.75	2.72961	1.81974
6.08645	-7.64176	2.02947	2.01074	1.16921	-6.03226	6.15	-7.65	2.72961	1.81974
6.19187	-7.53749	2.03683	2.02319	9.82092	-0.878335	6.25	-7.55	1.9992	1.9992
6.30564	-7.43418	2.06291	2.03417	2.53855	-5.80807	6.35	-7.45	1.99918	1.99918
6.42394	-7.32396	2.08927	2.01564	9.75766	-0.849487	6.45	-7.35	1.81911	1.81911
6.53815	-7.22375	2.08395	1.99404	3.68178	-5.41665	6.55	-7.25	1.81909	1.81909
6.64948	-7.13132	2.13355	1.94473	9.86809	-0.822197	6.65	-7.15	1.99996	1.99996
6.75527	-7.03389	2.13179	1.94459	4.94527	-4.59744	6.75	-7.05	1.99996	1.99996
6.88692	-6.95885	2.31005	1.78182	9.74178	-0.796215	6.85	-7	1.99752	0.998765
6.98417	-6.89105	2.26414	1.7272	5.52285	-4.21992	6.95	-6.95	1.99752	0.998765
7.11486	-6.80573	2.3221	1.66591	9.73646	-0.767898	7.1	-6.85	2.73035	1.82023
7.24246	-6.72451	2.31836	1.64443	6.46018	-3.30324	7.25	-6.75	2.73035	1.82023
7.34096	-6.63325	2.20735	1.72274	9.82669	-0.735388	7.35	-6.65	2.0006	2.0006
7.44577	-6.54932	2.19548	1.71496	7.16885	-1.95054	7.45	-6.55	2.00058	2.00058
7.57387	-6.47766	2.32506	1.61375	10.0155	-0.711196	7.55	-6.5	1.99841	0.999204
7.67759	-6.41255	2.29427	1.57326	7.55481	-1.21969	7.65	-6.45	1.99838	0.999195
7.84298	-6.36479	2.64358	1.33018	10.0688	-0.686191	7.8	-6.4	2.99952	0.999844
7.96773	-6.31122	2.62421	1.29818	7.94422	-0.451676	7.95	-6.35	2.99949	0.999829
8.04698	-6.21252	2.19223	1.55587	10.2955	-0.660707	8.05	-6.25	1.81603	1.81603
8.16272	-6.13252	2.18054	1.54082	8.0709	1.14589	8.15	-6.15	1.81603	1.81603
8.25719	-6.03653	2.01379	1.63855	10.0748	-0.631835	8.25	-6.05	1.81921	1.81921
8.36274	-5.9499	2.00268	1.62829	7.89715	2.70767	8.35	-5.95	1.81921	1.81921
8.53455	-5.89069	2.42714	1.37966	10.2941	-0.606816	8.5	-5.9	2.729	0.909673
8.66092	-5.82328	2.4109	1.35733	7.79787	3.73325	8.65	-5.85	2.72898	0.909661
8.79717	-5.75059	2.43986	1.34038	10.3761	-0.579463	8.8	-5.75	2.72771	1.81848
8.93743	-5.6701	2.45356	1.35864	7.26995	5.22325	8.95	-5.65	2.72772	1.81848
9.02138	-5.58305	2.18537	1.50378	10.5509	-0.550533	9.05	-5.55	1.99939	1.9994
9.13953	-5.48954	2.20775	1.54949	6.17936	6.75136	9.15	-5.45	1.9994	1.9994
9.25668	-5.40396	2.18086	1.5589	10.7242	-0.529443	9.25	-5.4	1.81776	0.90888
9.36845	-5.3262	2.16336	1.53675	5.46155	7.58439	9.35	-5.35	1.81776	0.908875
9.41962	-5.21663	1.69539	1.75057	10.6867	-0.503878	9.45	-5.2	1.81545	2.72317
9.5261	-5.10142	1.7248	1.79971	3.3594	8.94588	9.55	-5.05	1.81542	2.72314
9.63222	-4.99915	1.79092	1.79066	10.7882	-0.472652	9.65	-4.95	1.82145	1.82147
9.73967	-4.87881	1.81366	1.84568	1.22563	9.67486	9.75	-4.85	1.82146	1.82146
9.84624	-4.77841	1.85434	1.83285	11.1251	-0.450929	9.85	-4.75	1.81961	1.8196
9.95123	-4.67148	1.86151	1.84865	-0.512752	9.94389	9.95	-4.65	1.8196	1.8196
10.0479	-4.5766	1.88166	1.84997	10.9735	-0.424449	10.05	-4.55	1.99827	1.99828
10.148	-4.46736	1.89631	1.89152	-2.77311	9.76986	10.15	-4.45	1.99826	1.99826
10.2251	-4.35146	1.70141	1.96984	11.012	-0.396725	10.25	-4.3	1.81693	2.72538
10.326	-4.21672	1.72037	2.03489	-5.3595	8.8323	10.35	-4.15	1.81692	2.72536
10.4407	-4.10549	1.85716	2.00285	11.1324	-0.37187	10.45	-4.05	1.81951	1.8195
10.5484	-3.97629	1.87122	2.05049	-7.3536	7.57197	10.55	-3.95	1.8195	1.81951
10.6522	-3.8627	1.87637	2.05162	11.3205	-0.346977	10.65	-3.85	1.81817	1.81818
10.7537	-3.74886	1.87366	2.05341	-8.84528	6.10226	10.75	-3.75	1.81816	1.81817
10.8473	-3.63278	1.80232	2.07515	11.5288	-0.321428	10.85	-3.6	1.81621	2.7243
10.9498	-3.49454	1.81237	2.13396	-10.4284	3.32529	10.95	-3.45	1.8162	2.7243
10.9843	-3.36384	1.34802	2.24812	11.5968	-0.290931	11	-3.3	0.908632	2.72588
11.0592	-3.21238	1.3539	2.31543	-11.0416	0.204595	11.05	-3.15	0.908632	2.72588
11.1068	-3.07516	1.16201	2.37044	11.3751	-0.262609	11.1	-3	0.909905	2.72971
11.1711	-2.91418	1.16735	2.44515	-10.7063	-3.12916	11.15	-2.85	0.909888	2.72968
11.1584	-2.77076	0.62939	2.54023	11.3429	-0.237942	11.15	-2.7	0	2.72847
11.1837	-2.60707	0.617304	2.59623	-9.29029	-6.13359	11.15	-2.55	0	2.72844
11.181	-2.45923	0.354347	2.64029	11.5121	-0.212107	11.15	-2.4	0	2.72732
11.1935	-2.298	0.344714	2.6777	-7.14475	-8.56907	11.15	-2.25	0	2.72732
11.3052	-2.14586	0.993616	2.62551	11.4133	-0.184157	11.25	-2.1	1.81905	2.72856
11.3592	-1.98148	0.994233	2.67465	-4.15414	-10.5605	11.35	-1.95	1.81905	2.72856
11.2931	-1.83703	0.140552	2.73565	11.5354	-0.157397	11.3	-1.8	-0.90916	2.72747
11.2899	-1.67155	0.123827	2.77039	-0.792961	-11.2109	11.25	-1.65	-0.909152	2.72745
11.2866	-1.51903	0.050341	2.7749	11.4353	-0.133106	11.25	-1.5	0	2.72321
11.2845	-1.36015	0.042787	2.7889	2.48491	-10.985	11.25	-1.35	0	2.72321
11.2192	-1.21103	-0.440227	2.80027	11.3746	-0.104867	11.2	-1.2	-0.909524	2.72856
11.1874	-1.05685	-0.452217	2.79955	5.50322	-9.70371	11.15	-1.05	-0.909524	2.72856
11.0656	-0.913706	-1.13887	2.79204	11.0344	-0.0810376	11.05	-0.9	-1.81945	2.72916
10.9921	-0.750862	-1.15639	2.81374	8.13224	-7.32453	10.95	-0.75	-1.81942	2.72913
10.931	-0.595309	-1.13613	2.81576	10.852	-0.0540255	10.9	-0.599999	-0.909839	2.72952
10.8629	-0.440879	-1.14512	2.81425	9.80165	-4.62679	10.85	-0.449999	-0.909822	2.72949
10.6845	-0.326649	-2.00385	2.74058	10.637	-0.0338463	10.7	-0.349999	-2.99538	1.99692
10.5783	-0.209891	-2.0114	2.68876	10.2323	-2.58138	10.55	-0.25	-2.99539	1.99691
10.4893	-0.0707823	-1.85352	2.66957	10.434	-0.0187044	10.45	-0.2	-1.81715	0.908579
10.3813	-0.00220261	-1.85608	2.47289	10.2445	-1.47772	10.35	-0.15	-1.81716	0.908579
10.2311	0.100285	-2.2059	2.37757	10.2074	-0.0106801	10.2	-0.0999996	-2.73194	0.910655
10.1017	0.132717	-2.20925	2.13083	10.0443	-0.443518	10.05	-0.0499992	-2.73194	0.910655
9.95389	0.220082	-2.39889	2.04778	9.89001	0.000825869	9.9	9.49949e-07	-2.72481	0.908268
9.81283	0.234388	-2.40299	1.79978	9.74345	0.546505	9.75	0.0500011	-2.72477	0.90826
9.71453	0.311283	-2.16172	1.75312	9.63573	0.00964489	9.65	0.100001	-1.81759	0.908784
9.59383	0.315997	-2.15503	1.52181	9.46292	1.4254	9.55	0.15	-1.81757	0.908775
9.44465	0.366087	-2.38484	1.42578	9.5634	0.0155366	9.4	0.15	-2.72659	0
9.30587	0.340868	-2.3864	1.16353	9.14934	1.38434	9.25	0.15	-2.72658	0
9.1582	0.379159	-2.50827	1.09268	9.08448	0.0228764	9.1	0.2	-2.72925	0.909752
9.00673	0.371224	-2.52358	0.919894	8.67286	2.15155	8.95	0.25	-2.72926	0.909752
8.84958	0.399267	-2.66349	0.856026	8.95026	0.0295912	8.8	0.25	-2.72783	0
8.69439	0.379954	-2.67151	0.686999	8.3667	2.1752	8.65	0.25	-2.7278	0
8.54293	0.394858	-2.70632	0.626465	8.47238	0.0296451	8.5	0.25	-2.72395	0
8.38912	0.367697	-2.70884	0.469005	8.09762	2.06895	8.35	0.25	-2.72395	0
8.23788	0.364616	-2.73577	0.39337	8.28345	0.0237815	8.2	0.2	-2.73278	-0.910929
8.07923	0.307331	-2.74337	0.191067	7.93487	1.23264	8.05	0.15	-2.73279	-0.910929
7.86029	0.290773	-3.32859	0.106125	7.74832	0.0199538	7.85	0.15	-3.9992	0
7.68462	0.246447	-3.33974	-0.0219007	7.55887	1.09068	7.65	0.15	-3.99916	0
7.60301	0.231693	-2.73208	-0.0437675	7.62144	0.020608	7.55	0.15	-1.99868	0
7.46185	0.207765	-2.73794	-0.100194	7.34377	1.1881	7.45	0.15	-1.99866	0
7.30852	0.18562	-2.76118	-0.144282	7.34552	0.013889	7.3	0.100001	-2.72622	-0.908734
7.15937	0.135557	-2.75557	-0.254287	7.16002	0.332013	7.15	0.0500011	-2.72623	-0.908734
7.0603	0.0896288	-2.37904	-0.334978	7.05739	-0.00713726	7.05	-0.0499995	-1.81887	-1.81889
6.93414	0.00213213	-2.37086	-0.516491	6.87756	-1.00323	6.95	-0.15	-1.81888	-1.81889
6.84281	-0.0698689	-2.09197	-0.634258	6.87642	-0.0353825	6.85	-0.25	-1.81792	-1.81792
6.73452	-0.181986	-2.08291	-0.838341	6.35735	-2.30751	6.75	-0.35	-1.81792	-1.81792
6.63513	-0.272657	-1.97494	-0.960635	6.77279	-0.0670127	6.65	-0.45	-1.81881	-1.8188
6.53282	-0.397068	-1.9702	-1.15065	5.58257	-3.45291	6.55	-0.549999	-1.81879	-1.81878
6.45521	-0.525517	-1.74179	-1.33935	6.64863	-0.115431	6.45	-0.749999	-1.81971	-3.63941
6.35726	-0.705434	-1.75978	-1.62286	3.74015	-5.14827	6.35	-0.949999	-1.81969	-3.63937
6.38502	-0.891475	-0.896713	-1.99407	6.45072	-0.171362	6.35	-1.1	0	-2.99522
6.34074	-1.0676	-0.912916	-2.19732	1.99976	-6.04081	6.35	-1.25	0	-2.99519
6.3328	-1.25337	-0.572554	-2.42682	6.46485	-0.219372	6.35	-1.4	0	-2.72817
6.30794	-1.43604	-0.577056	-2.55654	0.0862164	-6.35478	6.35	-1.55	0	-2.72817
6.30842	-1.61742	-0.322493	-2.71798	6.74008	-0.262061	6.35	-1.7	0	-2.72628
6.30114	-1.78567	-0.312266	-2.76531	-1.67002	-6.1311	6.35	-1.85	0	-2.72628
6.28854	-1.95103	-0.269372	-2.81324	6.70101	-0.306612	6.35	-2	0	-2.73154
6.2881	-2.11214	-0.24787	-2.82748	-3.41035	-5.35742	6.35	-2.15	0	-2.73152
6.28268	-2.26231	-0.190844	-2.86673	6.68883	-0.347417	6.35	-2.3	0	-2.99503
6.28402	-2.41243	-0.175724	-2.88076	-4.82817	-4.09911	6.35	-2.45	0	-2.99503
6.3269	-2.60602	0.218067	-3.09585	6.81201	-0.386367	6.4	-2.6	0.909996	-2.73
6.36434	-2.76425	0.26871	-3.05938	-5.97634	-2.44259	6.45	-2.75	0.91	-2.73
6.40668	-2.94006	0.456472	-3.13841	7.01896	-0.421439	6.5	-2.9	0.907593	-2.72277
6.46121	-3.08025	0.526561	-3.04912	-6.49757	-0.797204	6.55	-3.05	0.907584	-2.72274
6.47944	-3.23379	0.428843	-2.97269	7.4891	-0.460405	6.55	-3.25	0	-3.63617
6.50961	-3.41144	0.43307	-3.00533	-6.22842	2.01946	6.55	-3.45	0	-3.63613
6.5529	-3.59069	0.577817	-3.09927	7.42685	-0.499304	6.6	-3.6	0.909673	-2.72901
6.59989	-3.75039	0.611671	-3.06887	-5.50309	3.72579	6.65	-3.75	0.909661	-2.72898
6.64983	-3.91154	0.693166	-3.07344	7.73369	-0.519546	6.75	-3.85	1.81795	-1.81795
6.73493	-4.02881	0.809503	-2.93528	-4.79818	4.89158	6.85	-3.95	1.81793	-1.81793
6.81171	-4.19771	1.00481	-3.02958	8.32239	-0.540957	6.9	-4.15	0.909979	-3.63994
6.88992	-4.34808	1.05678	-2.98394	-2.60445	6.44873	6.95	-4.35	0.909975	-3.6399
6.92066	-4.4725	0.817238	-2.76177	8.30107	-0.565342	7	-4.45	0.907889	-1.81577
6.99232	-4.5971	0.882543	-2.68867	-1.13345	6.96423	7.05	-4.55	0.907881	-1.81576
7.05956	-4.75035	0.998094	-2.751	8.59318	-0.585948	7.1	-4.7	0.909789	-2.72935
7.12414	-4.87872	1.02888	-2.69532	0.816962	7.08567	7.15	-4.85	0.909777	-2.72933
7.22441	-5.05458	1.33082	-2.90726	8.84525	-0.603476	7.25	-5	1.81861	-2.72792
7.31375	-5.19139	1.37394	-2.84904	3.08797	6.66215	7.35	-5.15	1.81859	-2.72789
7.36891	-5.31774	1.26678	-2.75218	9.02066	-0.622827	7.4	-5.3	0.999994	-3
7.43977	-5.45163	1.28302	-2.74082	5.01702	5.52332	7.45	-5.45	0.999999	-3
7.50568	-5.58711	1.22634	-2.66614	9.26753	-0.633155	7.55	-5.55	1.81749	-1.81749
7.60057	-5.70473	1.29434	-2.5908	6.19848	4.50031	7.65	-5.65	1.81747	-1.81747
7.66146	-5.82925	1.1961	-2.4877	9.74447	-0.645201	7.7	-5.8	0.909598	-2.72881
7.73424	-5.96174	1.21188	-2.47553	7.34702	2.4752	7.75	-5.95	0.909594	-2.72878
7.80559	-6.09253	1.22732	-2.46463	9.84383	-0.656665	7.85	-6.05	1.81964	-1.81964
7.89862	-6.20063	1.2909	-2.39462	7.88516	1.01594	7.95	-6.15	1.81962	-1.81962
8.01349	-6.35753	1.64075	-2.67114	10.2229	-0.664707	8.05	-6.3	1.99731	-2.99599
8.11244	-6.47442	1.68188	-2.62764	8.04022	-1.32431	8.15	-6.45	1.99732	-2.99598
8.16032	-6.57182	1.33657	-2.31471	10.5783	-0.673972	8.2	-6.55	0.909111	-1.81822
8.24274	-6.68348	1.3617	-2.2773	7.70389	-2.9595	8.25	-6.65	0.909111	-1.81822
8.31972	-6.81185	1.3824	-2.29803	10.6184	-0.686812	8.3	-6.8	0.90845	-2.72534
8.38435	-6.9444	1.35702	-2.31578	6.57941	-5.14866	8.35	-6.95	0.908442	-2.72531
8.48944	-7.10233	1.58232	-2.52056	11.2448	-0.697694	8.45	-7.1	1.81925	-2.72886
8.568	-7.24552	1.56352	-2.53395	4.8677	-7.02502	8.55	-7.25	1.81924	-2.72886
8.64843	-7.37522	1.5131	-2.47791	11.4023	-0.703311	8.65	-7.35	1.82079	-1.8208
8.7425	-7.48729	1.54621	-2.42246	3.57153	-7.98474	8.75	-7.45	1.8208	-1.8208
8.82684	-7.61578	1.60135	-2.47367	11.4784	-0.712179	8.8	-7.6	0.997629	-2.99288
8.891	-7.74856	1.56556	-2.49915	0.887839	-8.80519	8.85	-7.75	0.997629	-2.99288
8.94509	-7.86215	1.35055	-2.31813	11.741	-0.726703	8.9	-7.9	0.909127	-2.72742
8.99268	-8.01947	1.28361	-2.39187	-1.92765	-8.73589	8.95	-8.05	0.909127	-2.7274
9.0343	-8.12848	1.08641	-2.22069	12.0578	-0.738017	9	-8.15	0.909524	-1.81903
9.07517	-8.25289	1.04776	-2.23337	-3.35433	-8.37195	9.05	-8.25	0.909516	-1.81902
9.13755	-8.38647	1.09852	-2.29695	12.3259	-0.7466	9.1	-8.4	0.909922	-2.72975
9.18645	-8.52175	1.07137	-2.32047	-5.75479	-7.13017	9.15	-8.55	0.909913	-2.72976
9.27574	-8.68571	1.31003	-2.56707	12.4872	-0.755033	9.25	-8.7	1.8169	-2.72535
9.34611	-8.83468	1.30298	-2.58362	-7.87195	-5.04676	9.35	-8.85	1.81688	-2.72532
9.40988	-8.96849	1.24599	-2.52676	12.9973	-0.761667	9.4	-9	0.910219	-2.73069
9.46625	-9.12529	1.21334	-2.56864	-9.12886	-2.45565	9.45	-9.15	0.910228	-2.73069
9.52293	-9.25757	1.20003	-2.57457	13.3492	-0.7773	9.5	-9.3	0.997908	-2.99371
9.57357	-9.4058	1.17171	-2.61751	-9.56653	0.255506	9.55	-9.45	0.997908	-2.99372
9.6012	-9.51132	0.903888	-2.34289	13.5895	-0.783535	9.6	-9.55	0.909971	-1.81993
9.64678	-9.64871	0.891585	-2.3621	-9.3589	2.33598	9.65	-9.65	0.909954	-1.81992
9.6807	-9.76621	0.790862	-2.26628	13.7362	-0.793586	9.65	-9.8	0	-2.73054
9.69622	-9.91692	0.722044	-2.33063	-8.30573	4.90988	9.65	-9.95	0	-2.73053
9.75533	-10.0659	0.907873	-2.547	13.8624	-0.804437	9.7	-10.1	0.998187	-2.99456
9.782	-10.2129	0.860467	-2.59377	-6.6276	7.15323	9.75	-10.25	0.998187	-2.99455
9.83088	-10.3614	0.882466	-2.62793	14.2377	-0.814555	9.8	-10.4	0.909806	-2.7294
9.87173	-10.5162	0.862002	-2.65182	-4.35557	8.8495	9.85	-10.55	0.909797	-2.72938
9.89332	-10.6354	0.679364	-2.45496	14.5453	-0.825759	9.85	-10.7	0	-2.72718
9.89821	-10.8017	0.598348	-2.53007	-1.38257	9.74919	9.85	-10.85	0	-2.72715
9.91392	-10.9269	0.489532	-2.42037	14.6206	-0.839985	9.85	-11	0	-2.72395
9.91016	-11.0908	0.412185	-2.49311	1.46657	9.75479	9.85	-11.15	0	-2.72395
9.92789	-11.2302	0.395095	-2.49363	15.0172	-0.853421	9.85	-11.3	0	-2.73074
9.91229	-11.3984	0.303539	-2.56964	4.29189	8.86619	9.85	-11.45	0	-2.73075
9.92298	-11.5392	0.272784	-2.54881	15.3302	-0.866059	9.85	-11.6	0	-2.72396
9.90061	-11.7045	0.183506	-2.61204	6.61507	7.27351	9.85	-11.75	0	-2.72396
9.8946	-11.8217	0.087615	-2.50704	15.3983	-0.88022	9.8	-11.9	-1.0005	-3.00149
9.84602	-11.9877	-0.0418626	-2.60658	8.48453	4.81038	9.75	-12.05	-1.0005	-3.0015
9.77784	-12.0456	-0.518181	-1.99455	15.5297	-0.900676	9.65	-12.15	-1.81799	-1.81797
9.68298	-12.194	-0.675485	-2.09447	9.02886	3.12767	9.55	-12.25	-1.81797	-1.81797
9.63974	-12.3188	-0.679696	-2.13318	15.6284	-0.919828	9.45	-12.4	-1.82042	-2.73064
9.51009	-12.4927	-0.901132	-2.27597	9.34144	0.0716597	9.35	-12.55	-1.82041	-2.73063
9.42621	-12.5594	-1.16349	-1.9275	15.6571	-0.941485	9.25	-12.65	-1.99893	-1.99891
9.29717	-12.6982	-1.33402	-2.03374	9.00953	-1.67886	9.15	-12.75	-1.99891	-1.9989
9.20593	-12.7884	-1.45269	-1.87168	15.7268	-0.954682	9.05	-12.85	-1.81839	-1.81839
9.06897	-12.9194	-1.58835	-1.94477	8.33271	-3.29182	8.95	-12.95	-1.81838	-1.81838
8.92894	-12.9371	-1.99003	-1.31067	15.8476	-0.977762	8.8	-13	-2.72942	-0.909806
8.76329	-13.0329	-2.12301	-1.37427	7.68411	-3.98121	8.65	-13.05	-2.72941	-0.909806
8.64905	-13.0996	-2.1572	-1.34648	15.6101	-0.995616	8.5	-13.15	-2.99987	-1.99991
8.47235	-13.2011	-2.32291	-1.43278	6.53092	-5.19256	8.35	-13.25	-2.99984	-1.9999
8.31406	-13.1769	-2.67083	-0.782012	15.432	-1.01103	8.25	-13.2	-1.99797	0.998985
8.17852	-13.2023	-2.66869	-0.758174	6.81283	-4.48529	8.15	-13.15	-1.99797	0.998985
8.03359	-13.248	-2.65329	-0.787673	15.4246	-1.02553	8	-13.2	-2.73	-0.910004
7.87968	-13.2853	-2.6688	-0.77952	6.07203	-4.98019	7.85	-13.25	-2.73	-0.910004
7.70312	-13.2588	-2.91049	-0.298259	15.1639	-1.04748	7.65	-13.25	-3.62957	0
7.51585	-13.2752	-2.9707	-0.306187	5.81056	-4.66934	7.45	-13.25	-3.62953	0
7.3486	-13.2822	-3.00328	-0.238366	15.1626	-1.06605	7.3	-13.25	-2.7301	0
7.17067	-13.2861	-3.02867	-0.225579	5.58628	-4.43329	7.15	-13.25	-2.73007	0
6.99959	-13.2798	-3.07683	-0.103678	14.8978	-1.08358	7	-13.25	-2.72703	0
6.84013	-13.2738	-3.04996	-0.080077	5.35084	-4.27443	6.85	-13.25	-2.727	0
6.65999	-13.2324	-3.17336	0.231337	14.8615	-1.10225	6.7	-13.2	-2.72742	0.909144
6.51472	-13.2005	-3.0991	0.273181	5.44045	-3.65869	6.55	-13.15	-2.72742	0.909144
6.33626	-13.1431	-3.19591	0.550491	14.3946	-1.11583	6.4	-13.1	-2.72703	0.908994
6.19704	-13.0915	-3.10387	0.597452	5.54203	-2.89179	6.25	-13.05	-2.727	0.908995
6.02942	-13.0512	-3.10671	0.639716	14.3607	-1.13231	6.1	-13	-2.73	0.910004
5.89659	-12.9971	-3.01235	0.682464	5.49673	-2.29119	5.95	-12.95	-2.72998	0.909996
5.74606	-12.9494	-3.03523	0.774313	14.3815	-1.14857	5.8	-12.9	-2.99275	0.99759
5.62291	-12.8898	-2.9602	0.817305	5.46083	-1.50151	5.65	-12.85	-2.99275	0.99758
5.46081	-12.8154	-3.00617	1.01089	14.0268	-1.15873	5.55	-12.75	-1.81993	1.81994
5.35932	-12.7205	-2.84359	1.09436	5.44351	-0.3075	5.45	-12.65	-1.81994	1.81994
5.20689	-12.632	-2.87343	1.26915	13.5149	-1.16708	5.35	-12.55	-1.81722	1.81723
5.12761	-12.5244	-2.67599	1.35325	5.21194	0.636756	5.25	-12.45	-1.81721	1.81721
4.98	-12.4142	-2.73337	1.59217	13.4552	-1.17936	5.1	-12.35	-2.72881	1.8192
4.87576	-12.3079	-2.61919	1.63545	4.73899	1.42952	4.95	-12.25	-2.72881	1.81921
4.75049	-12.2359	-2.5346	1.48707	13.1387	-1.18616	4.9	-12.15	-0.908467	1.81693
4.69989	-12.1152	-2.31262	1.57471	4.17507	2.44888	4.85	-12.05	-0.908462	1.81692
4.56934	-11.9601	-2.42488	2.03519	12.8997	-1.1896	4.75	-11.9	-1.81788	2.72684
4.51347	-11.8172	-2.23211	2.10672	3.20346	3.35413	4.65	-11.75	-1.81788	2.72683
4.41694	-11.7367	-2.09839	1.82683	12.3042	-1.19578	4.6	-11.65	-0.909963	1.81994
4.39209	-11.6024	-1.87396	1.90684	2.35522	3.88119	4.55	-11.55	-0.909959	1.81992
4.28433	-11.4214	-1.99958	2.41596	12.1226	-1.19333	4.5	-11.35	-0.909227	3.63689
4.28188	-11.2444	-1.73132	2.51831	0.709903	4.39826	4.45	-11.15	-0.909218	3.63686
4.2259	-11.162	-1.52888	2.09278	12.0979	-1.19164	4.4	-11.05	-0.909227	1.81845
4.22685	-11.0142	-1.31743	2.17125	-0.186299	4.36293	4.35	-10.95	-0.909222	1.81844
4.18564	-10.9158	-1.18769	1.9809	11.5336	-1.18409	4.4	-10.8	0.9094	2.72823
4.23614	-10.7576	-0.898179	2.09739	-1.46886	4.17398	4.45	-10.65	0.909396	2.72819
4.20048	-10.6138	-0.931036	2.33828	11.4356	-1.17086	4.45	-10.5	0	3.00113
4.26154	-10.4501	-0.661685	2.45051	-2.67126	3.55521	4.45	-10.35	0	3.00113
4.25892	-10.3313	-0.556124	2.37125	10.9254	-1.15506	4.5	-10.2	0.999524	2.99855
4.34778	-10.1595	-0.263662	2.49991	-3.70818	2.6463	4.55	-10.05	0.999524	2.99856
4.36187	-10.0312	-0.179757	2.4739	10.8604	-1.13609	4.6	-9.9	0.998267	2.9948
4.46066	-9.85719	0.0898249	2.59812	-4.41283	1.49256	4.65	-9.75	0.998262	2.99479
4.52463	-9.76875	0.391831	2.14069	10.5329	-1.11857	4.7	-9.65	0.910924	1.82187
4.61772	-9.61493	0.570889	2.23142	-4.7133	0.541051	4.75	-9.55	0.910928	1.82186
4.65726	-9.47407	0.564209	2.33018	10.5106	-1.09824	4.8	-9.4	0.908038	2.72411
4.75523	-9.31324	0.730071	2.41503	-4.80478	-0.825802	4.85	-9.25	0.908033	2.7241
4.81969	-9.18178	0.820051	2.3601	10.2807	-1.07104	4.95	-9.1	1.81851	2.72776
4.92945	-9.01937	0.979787	2.44658	-4.51946	-2.24478	5.05	-8.95	1.81852	2.72777
5.00693	-8.8833	1.06446	2.40839	10.1055	-1.04116	5.15	-8.8	1.8165	2.72476
5.13606	-8.7116	1.23864	2.51187	-3.73858	-3.70434	5.25	-8.65	1.8165	2.72475
5.25732	-8.61138	1.52382	2.18638	10.0829	-1.0125	5.35	-8.55	1.82159	1.8216
5.37335	-8.47201	1.60353	2.23785	-2.99905	-4.52927	5.45	-8.45	1.82157	1.82157
5.45895	-8.34147	1.57552	2.28648	10.0189	-0.988216	5.5	-8.35	0.908054	1.81609
5.54285	-8.22072	1.56732	2.27533	-2.06257	-5.14327	5.55	-8.25	0.908054	1.8161
5.68768	-8.14961	1.93073	1.85302	10.0003	-0.961796	5.7	-8.15	2.72851	1.81902
5.81254	-8.03908	1.97511	1.87928	-1.03398	-5.76	5.85	-8.05	2.72849	1.81899
5.88744	-7.90131	1.74851	2.14084	9.9687	-0.926042	5.95	-7.9	1.81851	2.72777
6.00557	-7.77004	1.80135	2.17882	0.619545	-6.01774	6.05	-7.75	1.81852	2.72777
6.1233	-7.66248	1.91068	2.07617	9.92266	-0.895106	6.15	-7.65	1.81739	1.81739
6.23262	-7.55061	1.9188	2.0738	1.79033	-5.98527	6.25	-7.55	1.81739	1.81739
6.3447	-7.4403	1.95618	2.04142	9.84317	-0.864096	6.35	-7.45	1.8164	1.81641
6.44754	-7.33761	1.94228	2.01939	3.04326	-5.68154	6.45	-7.35	1.81638	1.81638
6.58678	-7.24702	2.14252	1.84836	9.89056	-0.831754	6.6	-7.25	2.72856	1.81904
6.717	-7.14085	2.17029	1.86458	4.40887	-5.1093	6.75	-7.15	2.72856	1.81904
6.8266	-7.03356	2.1113	1.90959	9.82091	-0.80111	6.85	-7.05	1.82066	1.82066
6.94922	-6.93485	2.12273	1.9007	5.43291	-4.37772	6.95	-6.95	1.82065	1.82065
7.0902	-6.85853	2.34087	1.73833	9.91553	-0.767345	7.1	-6.85	2.99976	1.99984
7.22163	-6.76093	2.37403	1.76884	6.49026	-3.24259	7.25	-6.75	2.99976	1.99984
7.28311	-6.64165	2.00579	2.03075	9.78918	-0.739243	7.3	-6.65	0.999384	1.99876
7.37142	-6.54367	1.98052	2.01598	7.09532	-1.85939	7.35	-6.55	0.999369	1.99874
7.57772	-6.49363	2.64295	1.5351	10.1874	-0.716878	7.5	-6.55	2.72747	0
7.69155	-6.4576	2.56265	1.41423	7.35753	-2.07262	7.65	-6.55	2.72745	0
7.78336	-6.36496	2.25213	1.59075	10.3287	-0.693472	7.75	-6.45	1.81623	1.81624
7.88702	-6.30066	2.2038	1.52931	7.83291	-0.447154	7.85	-6.35	1.81623	1.81624
8.0443	-6.2441	2.46955	1.33395	10.0811	-0.66755	8	-6.3	2.72648	0.908821
8.16693	-6.19143	2.43646	1.2817	8.13492	0.424828	8.15	-6.25	2.72645	0.908817
8.22426	-6.08344	1.91676	1.59901	10.4109	-0.636269	8.25	-6.1	1.81898	2.72847
8.33881	-5.98214	1.9391	1.63324	7.91744	2.66843	8.35	-5.95	1.81897	2.72844
8.51812	-5.92467	2.42858	1.35406	10.2804	-0.607939	8.5	-5.9	2.72647	0.90883
8.64817	-5.85572	2.41992	1.33994	7.89966	3.50425	8.65	-5.85	2.72645	0.908817
8.74273	-5.7639	2.15549	1.48727	10.4873	-0.580994	8.75	-5.75	1.81789	1.81788
8.86146	-5.67316	2.15879	1.5073	7.14301	5.22829	8.85	-5.65	1.81789	1.81788
9.00885	-5.59573	2.34463	1.42881	10.4588	-0.551115	9	-5.55	2.73109	1.82073
9.1413	-5.49922	2.35734	1.47128	6.20992	6.69939	9.15	-5.45	2.73106	1.82072
9.24186	-5.40289	2.14781	1.58344	10.7747	-0.524384	9.25	-5.35	1.81796	1.81795
9.35727	-5.30001	2.14783	1.61803	4.8594	7.96514	9.35	-5.25	1.81794	1.81793
9.4992	-5.21327	2.3009	1.56562	10.7517	-0.497219	9.5	-5.15	2.72905	1.81937
9.63436	-5.0989	2.32519	1.63463	3.1311	9.11473	9.65	-5.05	2.72903	1.81935
9.67653	-4.99053	1.8077	1.85651	11.0341	-0.470968	9.7	-4.95	0.998666	1.99733
9.76634	-4.88267	1.81108	1.89058	1.31265	9.65978	9.75	-4.85	0.998656	1.99731
9.87066	-4.77899	1.83878	1.88273	11.0612	-0.449999	9.85	-4.75	1.8172	1.81719
9.96434	-4.67421	1.82599	1.88216	-0.477331	9.92247	9.95	-4.65	1.81717	1.81717
10.0682	-4.57044	1.84651	1.8784	11.125	-0.424919	10.05	-4.55	1.82042	1.82043
10.1658	-4.46055	1.84152	1.89253	-2.70445	9.77726	10.15	-4.45	1.82041	1.82042
10.3188	-4.36665	2.19696	1.78011	11.1995	-0.399294	10.3	-4.35	2.72672	1.81782
10.4431	-4.26116	2.2046	1.79933	-4.67751	9.34425	10.45	-4.25	2.7267	1.8178
10.4603	-4.13628	1.47363	2.03134	11.3545	-0.370848	10.5	-4.1	0.908764	2.72628
10.5483	-3.99857	1.4914	2.09563	-7.27697	7.6444	10.55	-3.95	0.908764	2.72628
10.6345	-3.87704	1.51	2.10914	11.3211	-0.342958	10.65	-3.8	1.8194	2.72911
10.7323	-3.72145	1.54332	2.20926	-9.37734	5.27707	10.75	-3.65	1.81939	2.72908
10.8461	-3.60048	1.7391	2.1718	11.4312	-0.317652	10.85	-3.55	1.81839	1.81838
10.9415	-3.47663	1.73958	2.18234	-10.3603	3.5062	10.95	-3.45	1.81838	1.81838
10.9756	-3.34534	1.30401	2.28535	11.5021	-0.29106	11	-3.3	0.908549	2.72563
11.0548	-3.19247	1.32103	2.35327	-11.0671	0.0495516	11.05	-3.15	0.908549	2.72564
11.1007	-3.05712	1.12996	2.39757	11.5069	-0.264934	11.1	-3	0.90888	2.72663
11.1621	-2.8984	1.13271	2.46249	-10.6663	-3.22358	11.15	-2.85	0.908863	2.72661
11.2089	-2.75801	1.02163	2.49041	11.4972	-0.237002	11.2	-2.7	0.909988	2.72995
11.265	-2.59277	1.02516	2.55968	-9.28021	-6.35838	11.25	-2.55	0.909988	2.72995
11.1993	-2.44781	0.160318	2.6698	11.7171	-0.211967	11.2	-2.4	-0.907692	2.72306
11.2027	-2.28014	0.153657	2.71886	-6.93509	-8.75697	11.15	-2.25	-0.907683	2.72304
11.3269	-2.1269	0.966423	2.6487	11.4117	-0.183451	11.25	-2.1	1.8219	2.73284
11.3751	-1.97846	0.958851	2.65506	-4.42385	-10.4563	11.35	-1.95	1.82188	2.73281
11.3645	-1.83179	0.51466	2.69058	11.3633	-0.156728	11.35	-1.8	0	2.71996
11.3887	-1.66956	0.508581	2.72385	-0.82971	-11.3358	11.35	-1.65	0	2.71993
11.3846	-1.52008	0.285392	2.7377	11.3658	-0.130565	11.35	-1.5	0	2.73448
11.389	-1.36197	0.267551	2.75513	2.53741	-11.0515	11.35	-1.35	0	2.73446
11.2692	-1.23406	-0.672064	2.77221	11.3141	-0.10593	11.25	-1.2	-1.99969	2.99952
11.2209	-1.07795	-0.694607	2.81297	5.61478	-9.63681	11.15	-1.05	-1.99967	2.99949
11.1579	-0.937842	-0.890518	2.81708	11.0059	-0.0810972	11.1	-0.9	-1.00006	3.00024
11.1052	-0.778416	-0.903372	2.862	8.15139	-7.48318	11.05	-0.75	-1.00006	3.00021
10.9999	-0.632919	-1.29865	2.8362	10.911	-0.0601231	10.95	-0.649999	-1.81771	1.81773
10.9121	-0.503123	-1.32361	2.76863	9.24853	-5.65767	10.85	-0.549999	-1.81772	1.81773
10.8159	-0.362967	-1.4912	2.73772	10.8361	-0.0408851	10.75	-0.45	-1.81842	1.8184
10.7208	-0.263304	-1.50907	2.6092	10.0051	-3.6909	10.65	-0.35	-1.8184	1.81839
10.5398	-0.160834	-2.26565	2.52735	10.5532	-0.0235621	10.5	-0.25	-3.00035	2.00024
10.4127	-0.0824337	-2.28335	2.40602	10.1962	-1.77018	10.35	-0.15	-3.00032	2.00022
10.3098	0.0249423	-2.20134	2.37541	10.2565	-0.0112412	10.25	-0.0999996	-2.00053	1.00027
10.1896	0.0787626	-2.21109	2.2117	10.1261	-0.469063	10.15	-0.0499992	-2.00053	1.00027
10.0907	0.174277	-2.12812	2.17628	10.0717	0.00163858	10.05	9.49949e-07	-2.00009	1.00004
9.97621	0.206469	-2.13281	1.98306	9.91299	0.551762	9.95	0.0500011	-2.00006	1.00003
9.82089	0.26945	-2.49049	1.87647	9.84784	0.00284182	9.8	0.0500011	-3.00025	0
9.69161	0.254431	-2.48625	1.60193	9.64359	0.359638	9.65	0.0500011	-3.00024	0
9.53676	0.305746	-2.71214	1.51939	9.54734	0.0104496	9.5	0.100001	-2.99825	0.999409
9.39216	0.301685	-2.71787	1.31666	9.24581	1.28845	9.35	0.15	-2.99825	0.999409
9.29444	0.352289	-2.35191	1.27594	9.46208	0.0141913	9.25	0.15	-1.81915	0
9.16338	0.334171	-2.34657	1.0523	9.01889	1.46978	9.15	0.15	-1.81913	0
9.00201	0.359913	-2.67112	0.970319	9.02937	0.0217632	9	0.2	-2.99927	0.99976
8.86181	0.356478	-2.67696	0.838015	8.54591	2.18689	8.85	0.25	-2.99927	0.99976
8.70591	0.377797	-2.83871	0.778483	8.6796	0.0285204	8.7	0.25	-2.99873	0
8.56319	0.361413	-2.83509	0.637355	8.2896	2.09062	8.55	0.25	-2.99871	0
8.4217	0.378444	-2.73647	0.594688	8.44466	0.0300046	8.4	0.25	-2.72872	0
8.26548	0.360861	-2.74193	0.465907	7.95651	2.1048	8.25	0.25	-2.72871	0
8.11414	0.358011	-2.85036	0.394077	8.10918	0.0252484	8.1	0.2	-2.99909	-0.9997
7.96982	0.297086	-2.84712	0.186729	7.8828	1.01418	7.95	0.15	-2.9991	-0.9997
7.81539	0.283176	-2.93925	0.123618	7.82356	0.0191399	7.8	0.15	-3.00101	0
7.66346	0.246005	-2.94452	0.0115599	7.54623	1.15316	7.65	0.15	-3.00099	0
7.52525	0.223968	-2.77639	-0.0437941	7.49759	0.0134815	7.5	0.100001	-2.72698	-0.908982
7.36962	0.171614	-2.77904	-0.173591	7.33464	0.48199	7.35	0.0500011	-2.72695	-0.908974
7.2771	0.134267	-2.44487	-0.244116	7.13188	-0.000633743	7.25	9.49949e-07	-2.00032	-1.00016
7.15481	0.0666452	-2.44374	-0.389027	7.13845	-0.400077	7.15	-0.0499992	-2.0003	-1.00015
6.99246	0.0118033	-2.64131	-0.477455	6.77401	-0.0222792	7	-0.15	-2.72534	-1.8169
6.84972	-0.0816744	-2.63749	-0.654191	6.68135	-1.54973	6.85	-0.25	-2.72532	-1.81688
6.82072	-0.170267	-1.89489	-0.815862	6.7132	-0.0517516	6.8	-0.349999	-1.00053	-2.00107
6.72956	-0.280745	-1.89258	-1.00027	6.10135	-2.8799	6.75	-0.449999	-1.00054	-2.00107
6.63162	-0.369068	-1.91393	-1.10172	6.74335	-0.0817351	6.65	-0.549999	-2.00016	-2.00017
6.53712	-0.483297	-1.91799	-1.25891	5.31396	-3.82662	6.55	-0.65	-2.00016	-2.00017
6.50709	-0.609963	-1.42532	-1.46515	6.44839	-0.121462	6.5	-0.799999	-0.999884	-2.99963
6.43541	-0.763387	-1.43865	-1.67881	3.69773	-5.2831	6.45	-0.949999	-0.999884	-2.99963
6.40312	-0.907467	-1.12668	-1.8758	6.46919	-0.16842	6.4	-1.1	-0.999984	-2.99995
6.34477	-1.07017	-1.1458	-2.05947	2.04298	-6.01868	6.35	-1.25	-0.999969	-2.99992
6.35238	-1.24379	-0.64451	-2.32632	6.70803	-0.215617	6.35	-1.4	0	-3.00132
6.32245	-1.41311	-0.657206	-2.46661	0.120461	-6.35389	6.35	-1.55	0	-3.00129
6.30424	-1.57602	-0.507449	-2.57043	6.54119	-0.254276	6.35	-1.65	0	-1.81769
6.28809	-1.72435	-0.490172	-2.58674	-1.1201	-6.24389	6.35	-1.75	0	-1.81769
6.31331	-1.90023	-0.0997322	-2.80225	6.64128	-0.299712	6.35	-1.95	0	-3.99976
6.31175	-2.0623	-0.103537	-2.85855	-3.32494	-5.3993	6.35	-2.15	0	-3.99972
6.29727	-2.20486	-0.166372	-2.8421	6.6916	-0.340776	6.35	-2.25	0	-2
6.3001	-2.34628	-0.147074	-2.83773	-4.47307	-4.50409	6.35	-2.35	0	-1.99998
6.30297	-2.4942	-0.0704023	-2.87652	6.73182	-0.375521	6.35	-2.5	0	-3
6.31158	-2.63697	-0.0489373	-2.87072	-5.5915	-3.03618	6.35	-2.65	0	-3
6.35935	-2.81183	0.322593	-3.07475	6.95809	-0.410128	6.4	-2.8	1.00003	-3.00012
6.39323	-2.95755	0.358018	-3.0498	-6.34359	-1.22613	6.45	-2.95	1.00003	-3.00009
6.45559	-3.14576	0.696667	-3.26632	7.23519	-0.451689	6.5	-3.15	0.999284	-3.99712
6.5006	-3.32008	0.708677	-3.29	-6.39541	1.43052	6.55	-3.35	0.999284	-3.99712
6.5204	-3.46934	0.530405	-3.12956	7.4921	-0.481382	6.6	-3.45	0.909922	-1.81983
6.57279	-3.61248	0.589097	-3.05268	-6.07739	2.66333	6.65	-3.55	0.909917	-1.81984
6.63365	-3.77103	0.788579	-3.14113	7.65601	-0.504076	6.7	-3.7	0.999335	-2.99802
6.69485	-3.90119	0.843979	-3.06961	-5.14484	4.3719	6.75	-3.85	0.99934	-2.99802
6.73924	-4.05233	0.800594	-2.99727	7.7202	-0.532089	6.8	-4	0.908549	-2.72564
6.80399	-4.19506	0.851702	-2.93796	-3.62948	5.81843	6.85	-4.15	0.908537	-2.72561
6.82702	-4.31784	0.633375	-2.72907	8.16769	-0.554308	6.9	-4.25	0.90988	-1.81977
6.89039	-4.42636	0.710021	-2.62269	-2.515	6.47734	6.95	-4.35	0.909876	-1.81975
6.95423	-4.56487	0.884207	-2.71263	8.43143	-0.57064	7	-4.5	1.00008	-3.00024
7.01053	-4.68298	0.916648	-2.6679	-0.466005	7.01961	7.05	-4.65	1.00008	-3.00024
7.10667	-4.85156	1.26904	-2.92128	8.74234	-0.592929	7.15	-4.8	1.99984	-2.99976
7.19582	-4.97335	1.33081	-2.85612	1.5807	7.08831	7.25	-4.95	1.99984	-2.99976
7.23075	-5.0782	1.07187	-2.62516	8.92451	-0.606477	7.3	-5.05	1.00028	-2.00057
7.30371	-5.18999	1.11913	-2.57374	3.1511	6.64259	7.35	-5.15	1.00028	-2.00056
7.36411	-5.31484	1.13529	-2.56736	9.0968	-0.620096	7.4	-5.3	1.00003	-3.00012
7.42551	-5.44181	1.14484	-2.56237	4.96754	5.54001	7.45	-5.45	1.00004	-3.00012
7.49778	-5.57754	1.24581	-2.63056	9.27969	-0.635369	7.55	-5.55	1.99961	-1.99961
7.58918	-5.68465	1.31443	-2.5646	6.16597	4.55438	7.65	-5.65	1.9996	-1.9996
7.64895	-5.80369	1.26043	-2.5104	9.6591	-0.646603	7.7	-5.8	1.00027	-3.00084
7.72017	-5.93453	1.27338	-2.51873	7.35923	2.45287	7.75	-5.95	1.00028	-3.00084
7.79639	-6.06545	1.35568	-2.57205	9.7353	-0.656464	7.85	-6.05	1.9998	-1.99981
7.88811	-6.17462	1.41196	-2.51973	7.87546	1.0865	7.95	-6.15	1.9998	-1.9998
7.93483	-6.27134	1.2156	-2.33396	10.2057	-0.66388	8	-6.25	1.00004	-2.00008
8.00935	-6.37615	1.2483	-2.30247	8.02116	-0.598559	8.05	-6.35	1.00004	-2.00008
8.11424	-6.52687	1.55673	-2.55935	10.382	-0.674723	8.15	-6.5	1.99951	-2.99928
8.20736	-6.65115	1.58826	-2.54493	7.67788	-3.03894	8.25	-6.65	1.9995	-2.99925
8.25087	-6.74388	1.24299	-2.22779	10.7955	-0.680973	8.3	-6.75	0.90921	-1.81841
8.32201	-6.86634	1.24852	-2.22658	6.93825	-4.6126	8.35	-6.85	0.90921	-1.81841
8.403	-6.99559	1.38211	-2.34604	11.1716	-0.694584	8.4	-7	1.0001	-3.00036
8.46526	-7.12505	1.36274	-2.37492	5.45597	-6.46271	8.45	-7.15	1.00011	-3.00036
8.54424	-7.25384	1.44616	-2.44903	10.9872	-0.703397	8.55	-7.25	1.99907	-1.99908
8.6267	-7.36538	1.47141	-2.4215	4.21056	-7.5526	8.65	-7.35	1.99908	-1.99908
8.70607	-7.49474	1.51874	-2.4714	11.5795	-0.712791	8.7	-7.5	1.00058	-3.00174
8.77328	-7.63142	1.49523	-2.50286	1.68552	-8.59755	8.75	-7.65	1.00057	-3.00171
8.81391	-7.72516	1.24695	-2.27774	11.7383	-0.721773	8.8	-7.75	0.999844	-1.99968
8.86832	-7.84105	1.23033	-2.28532	0.15654	-8.84224	8.85	-7.85	0.999844	-1.99968
8.97802	-8.00511	1.58892	-2.62736	12.1699	-0.728905	8.95	-8	2.00017	-3.00024
9.05432	-8.14281	1.57966	-2.64189	-2.71317	-8.63622	9.05	-8.15	2.00014	-3.00021
9.09727	-8.23971	1.31512	-2.39181	12.2342	-0.737451	9.1	-8.25	0.998905	-1.99781
9.16172	-8.35796	1.31307	-2.38936	-4.36803	-8.04568	9.15	-8.35	0.998886	-1.99779
9.2263	-8.48281	1.25637	-2.3376	12.6512	-0.744494	9.2	-8.5	0.908863	-2.72657
9.28163	-8.62426	1.22277	-2.36993	-6.57792	-6.50946	9.25	-8.65	0.908855	-2.72655
9.34088	-8.75296	1.18295	-2.34692	12.6125	-0.757959	9.3	-8.8	0.909475	-2.72841
9.38487	-8.90645	1.12943	-2.40612	-8.32361	-4.2627	9.35	-8.95	0.909466	-2.72839
9.4607	-9.05569	1.28867	-2.58695	13.1952	-0.769299	9.4	-9.1	0.999765	-2.99935
9.49803	-9.20786	1.22346	-2.64494	-9.2839	-1.72459	9.45	-9.25	0.999774	-2.99934
9.52753	-9.31511	0.950349	-2.37028	13.3758	-0.777761	9.5	-9.35	0.908962	-1.81792
9.5793	-9.44363	0.950177	-2.36666	-9.57446	0.11932	9.55	-9.45	0.908954	-1.8179
9.63147	-9.57782	0.959563	-2.38669	13.5831	-0.785718	9.6	-9.6	0.909988	-2.72996
9.66434	-9.72718	0.910873	-2.43175	-9.10715	3.12698	9.65	-9.75	0.909971	-2.72993
9.72355	-9.8756	0.987615	-2.52425	13.8538	-0.796016	9.7	-9.9	0.907972	-2.7239
9.76551	-10.0266	0.956834	-2.55341	-7.92418	5.67177	9.75	-10.05	0.907972	-2.72391
9.79198	-10.1421	0.778488	-2.37152	14.0227	-0.807641	9.75	-10.2	0	-2.73106
9.80373	-10.3016	0.70177	-2.4428	-5.87709	7.78292	9.75	-10.35	0	-2.73105
9.86592	-10.4628	0.916595	-2.70049	14.3811	-0.818753	9.8	-10.5	1	-2.99999
9.88425	-10.6197	0.850211	-2.75538	-3.31763	9.25572	9.85	-10.65	0.999994	-2.99996
9.91369	-10.7469	0.767195	-2.67273	14.5653	-0.830443	9.85	-10.8	0	-3.00047
9.91611	-10.911	0.679243	-2.74772	-0.347387	9.8442	9.85	-10.95	0	-3.00048
9.90609	-10.9974	0.358195	-2.3779	14.9194	-0.843535	9.85	-11.05	0	-1.9956
9.90312	-11.1311	0.308338	-2.41507	1.51863	9.74293	9.85	-11.15	0	-1.99559
9.91596	-11.2643	0.291652	-2.40875	14.9674	-0.853527	9.85	-11.3	0	-2.73184
9.89996	-11.419	0.214905	-2.4655	4.30349	8.84725	9.85	-11.45	0	-2.73182
9.90221	-11.5406	0.173065	-2.43593	15.1773	-0.869154	9.8	-11.6	-0.998566	-2.9957
9.85821	-11.6991	0.0465467	-2.52799	6.67229	7.11748	9.75	-11.75	-0.998566	-2.99569
9.86155	-11.8494	0.0757832	-2.59017	15.4203	-0.884038	9.75	-11.9	0	-2.73084
9.82846	-12.0167	-0.0138059	-2.6531	8.48191	4.82573	9.75	-12.05	0	-2.73085
9.78784	-12.1161	-0.291513	-2.30818	15.5366	-0.901665	9.65	-12.2	-1.81598	-2.72396
9.69924	-12.2894	-0.465619	-2.4244	9.33088	2.10392	9.55	-12.35	-1.81597	-2.72396
9.61991	-12.3525	-0.848357	-1.91829	15.6711	-0.921787	9.45	-12.45	-1.82132	-1.82133
9.49542	-12.5008	-1.03345	-2.02916	9.34446	0.238995	9.35	-12.55	-1.82131	-1.82131
9.42804	-12.6093	-1.08429	-1.98648	15.7693	-0.93835	9.3	-12.65	-0.908038	-1.81606
9.32621	-12.7364	-1.18255	-2.03517	9.10079	-1.60656	9.25	-12.75	-0.908029	-1.81605
9.20491	-12.7586	-1.60095	-1.40879	15.6491	-0.954916	9.05	-12.85	-3.64007	-1.82004
9.01836	-12.889	-1.83704	-1.54303	8.22198	-3.24712	8.85	-12.95	-3.64007	-1.82003
8.89947	-12.9315	-2.01482	-1.28656	15.6757	-0.979734	8.75	-13	-1.9959	-0.997948
8.74497	-13.0194	-2.14143	-1.34894	7.71157	-3.89521	8.65	-13.05	-1.9959	-0.997948
8.60366	-13.0522	-2.31702	-1.05906	15.5584	-0.994038	8.5	-13.1	-2.73149	-0.910502
8.43015	-13.1307	-2.42723	-1.11201	6.98415	-4.56312	8.35	-13.15	-2.73146	-0.910485
8.28482	-13.1758	-2.50373	-0.991872	15.5362	-1.01517	8.2	-13.2	-2.72385	-0.907955
8.11812	-13.2393	-2.57125	-1.0175	6.3183	-5.006	8.05	-13.25	-2.72383	-0.907947
7.95426	-13.2421	-2.7578	-0.653547	15.36	-1.03139	7.9	-13.25	-2.72673	0
7.78996	-13.2735	-2.78394	-0.649316	6.04963	-4.8535	7.75	-13.25	-2.72673	0
7.61951	-13.2666	-2.92671	-0.358873	15.1473	-1.05087	7.6	-13.25	-2.72991	0
7.46015	-13.2744	-2.91855	-0.337186	5.85543	-4.606	7.45	-13.25	-2.72991	0
7.26593	-13.2045	-3.20193	0.270374	14.9795	-1.06989	7.25	-13.2	-3.63887	0.909723
7.08021	-13.1857	-3.22223	0.274531	5.84616	-3.94854	7.05	-13.15	-3.63887	0.909723
6.9137	-13.2008	-3.12883	0.0643909	14.8543	-1.08728	6.9	-13.15	-2.72312	0
6.74305	-13.184	-3.11961	0.0883251	5.66803	-3.63327	6.75	-13.15	-2.72312	0
6.58896	-13.1823	-3.11198	0.0735769	14.9527	-1.10661	6.6	-13.15	-3.00475	0
6.43409	-13.1714	-3.10783	0.0862152	5.38609	-3.50751	6.45	-13.15	-3.00472	0
6.27811	-13.1439	-3.14966	0.236474	14.6848	-1.11798	6.35	-13.1	-1.9976	0.998786
6.16927	-13.1067	-3.02747	0.293712	5.51829	-2.93509	6.25	-13.05	-1.99758	0.998786
6.00159	-13.0637	-3.07846	0.473541	14.5284	-1.13279	6.1	-13	-2.72732	0.909111
5.88004	-13.0084	-2.95709	0.53668	5.54192	-2.17012	5.95	-12.95	-2.72732	0.909111
5.71663	-12.9559	-2.99748	0.687346	14.1205	-1.14893	5.8	-12.9	-2.72895	0.909657
5.59055	-12.8952	-2.89941	0.736736	5.43528	-1.53491	5.65	-12.85	-2.72896	0.909648
5.42613	-12.8091	-2.98769	1.04342	13.9407	-1.16209	5.55	-12.75	-1.81808	1.81809
5.33048	-12.7196	-2.81628	1.11582	5.41698	-0.482456	5.45	-12.65	-1.81809	1.81809
5.17457	-12.6169	-2.88282	1.3873	13.6781	-1.17045	5.3	-12.55	-2.7236	1.81575
5.05865	-12.5152	-2.7738	1.44134	5.08754	0.58081	5.15	-12.45	-2.72358	1.81572
4.91629	-12.4338	-2.74838	1.44544	13.5987	-1.18335	5.05	-12.35	-1.81967	1.81966
4.83983	-12.316	-2.56035	1.52894	4.6711	1.64536	4.95	-12.25	-1.81967	1.81967
4.69597	-12.1826	-2.64216	1.85782	13.0294	-1.1923	4.85	-12.1	-1.81844	2.72766
4.6299	-12.0421	-2.443	1.94199	3.89377	2.723	4.75	-11.95	-1.81844	2.72767
4.52113	-11.9613	-2.32598	1.72729	12.6426	-1.19135	4.7	-11.85	-0.909557	1.8191
4.50114	-11.8252	-2.05821	1.8232	3.20111	3.40854	4.65	-11.75	-0.909553	1.81911
4.39904	-11.702	-2.05774	1.95774	12.532	-1.19356	4.6	-11.6	-0.907782	2.72335
4.38635	-11.5475	-1.8049	2.06208	1.96601	4.09579	4.55	-11.45	-0.907778	2.72334
4.28386	-11.3576	-1.92766	2.57105	12.0277	-1.18903	4.5	-11.25	-0.910253	3.64099
4.28089	-11.1701	-1.6696	2.67623	0.328651	4.43157	4.45	-11.05	-0.910253	3.64099
4.24201	-11.1022	-1.38684	2.07201	11.8559	-1.18496	4.45	-10.95	0	1.81804
4.27191	-10.9463	-1.12259	2.17248	-0.573207	4.4093	4.45	-10.85	0	1.81805
4.24744	-10.8615	-0.956778	1.89674	12.0444	-1.17805	4.45	-10.75	0	1.81614
4.28753	-10.7167	-0.724894	1.99257	-1.56765	4.15253	4.45	-10.65	0	1.81614
4.23694	-10.533	-0.877875	2.49423	11.3269	-1.16887	4.45	-10.45	0	3.6396
4.28741	-10.3482	-0.629861	2.60662	-3.03287	3.25116	4.45	-10.25	0	3.6396
4.28988	-10.2225	-0.482307	2.43409	11.0834	-1.15058	4.5	-10.1	0.910021	2.73005
4.37176	-10.0397	-0.211732	2.55445	-3.95269	2.25814	4.55	-9.95	0.910013	2.73003
4.38426	-9.90031	-0.155905	2.5888	10.7623	-1.13022	4.6	-9.8	0.999085	2.99725
4.47257	-9.72931	0.0827144	2.69521	-4.52481	1.05364	4.65	-9.65	0.99908	2.99724
4.52963	-9.62681	0.346493	2.31076	10.4579	-1.11412	4.7	-9.55	0.910095	1.82021
4.6158	-9.47779	0.509992	2.37537	-4.74176	0.152035	4.75	-9.45	0.910091	1.82018
4.66297	-9.35609	0.579862	2.35366	10.4108	-1.0908	4.85	-9.3	1.99828	2.99743
4.77641	-9.20476	0.786432	2.44826	-4.76869	-1.29735	4.95	-9.15	1.99826	2.99739
4.83154	-9.05302	0.792843	2.53343	10.3405	-1.06237	5	-9	0.908384	2.72514
4.93878	-8.88481	0.948743	2.61304	-4.22708	-2.78196	5.05	-8.85	0.908384	2.72514
5.04488	-8.78211	1.23493	2.26331	10.2601	-1.03811	5.15	-8.75	1.81679	1.8168
5.16099	-8.64584	1.34841	2.30679	-3.78315	-3.6631	5.25	-8.65	1.81679	1.8168
5.24628	-8.5165	1.38523	2.30094	10.037	-1.01005	5.35	-8.5	1.82017	2.73024
5.3592	-8.37527	1.47328	2.34632	-2.65184	-4.74433	5.45	-8.35	1.82015	2.73022
5.47178	-8.2638	1.63754	2.18378	9.99123	-0.978202	5.55	-8.25	1.81852	1.81852
5.58729	-8.14269	1.69452	2.19851	-1.74911	-5.37481	5.65	-8.15	1.8185	1.8185
5.70708	-8.0387	1.84087	2.05286	10.0235	-0.949248	5.75	-8.05	1.81752	1.81753
5.80736	-7.93185	1.83642	2.0406	-0.565228	-5.78431	5.85	-7.95	1.81752	1.81752
5.91956	-7.82923	1.90495	1.96782	9.93472	-0.92343	5.95	-7.85	1.8194	1.8194
6.02839	-7.72649	1.91192	1.95951	0.631658	-6.01318	6.05	-7.75	1.81941	1.8194
6.11052	-7.59548	1.75676	2.12879	9.62546	-0.88994	6.15	-7.6	1.81742	2.72613
6.22614	-7.46334	1.80305	2.16872	2.53049	-5.72771	6.25	-7.45	1.8174	2.72611
6.37463	-7.37461	2.10431	1.903	9.67107	-0.855073	6.4	-7.35	2.7248	1.81653
6.50993	-7.25797	2.15	1.93757	3.75132	-5.37222	6.55	-7.25	2.72477	1.81651
6.65038	-7.16934	2.29977	1.80012	9.76103	-0.825526	6.65	-7.2	1.81957	0.909789
6.76136	-7.09545	2.25827	1.74055	4.35041	-5.15524	6.75	-7.15	1.81957	0.909785
6.89909	-7.01015	2.34924	1.66169	9.87674	-0.794649	6.9	-7.05	2.72946	1.81964
7.03739	-6.92137	2.36722	1.6617	5.5976	-4.3169	7.05	-6.95	2.72946	1.81964
7.13702	-6.81348	2.17249	1.80505	9.86232	-0.763353	7.15	-6.85	1.81554	1.81554
7.25358	-6.72132	2.1635	1.78814	6.51368	-3.18943	7.25	-6.75	1.81554	1.81554
7.35459	-6.61766	2.05884	1.85071	9.85837	-0.736116	7.35	-6.65	1.82007	1.82007
7.46326	-6.52323	2.04723	1.83288	7.21631	-1.88176	7.45	-6.55	1.82005	1.82005
7.62957	-6.45618	2.41268	1.56842	9.98613	-0.706558	7.6	-6.5	2.72628	0.908764
7.75096	-6.39468	2.38118	1.50912	7.63678	-1.27905	7.75	-6.45	2.72628	0.908764
7.86834	-6.31542	2.31466	1.52267	10.1317	-0.684623	7.85	-6.4	1.81656	0.908285
7.97748	-6.26741	2.26604	1.43529	7.94486	-0.463986	7.95	-6.35	1.81656	0.908281
8.10032	-6.19495	2.27194	1.41175	10.1837	-0.658568	8.1	-6.25	2.73006	1.82003
8.22825	-6.12499	2.27519	1.39688	8.17304	1.10749	8.25	-6.15	2.73005	1.82003
8.36933	-6.0518	2.37521	1.34774	10.2499	-0.623097	8.4	-6.05	2.72692	1.81795
8.51558	-5.96199	2.41052	1.39044	8.05267	2.87815	8.55	-5.95	2.7269	1.81794
8.61722	-5.86897	2.19528	1.51829	10.4301	-0.594934	8.65	-5.85	1.81844	1.81844
8.74446	-5.7739	2.21153	1.54736	7.54988	4.43137	8.75	-5.75	1.81843	1.81843
8.88838	-5.69222	2.34642	1.49204	10.6686	-0.565194	8.9	-5.65	2.72464	1.81643
9.03314	-5.58499	2.38374	1.55616	6.67971	6.12255	9.05	-5.55	2.72465	1.81643
9.13899	-5.48679	2.2065	1.65077	10.6386	-0.537333	9.15	-5.45	1.81916	1.81918
9.26114	-5.37768	2.21397	1.6928	5.39252	7.50879	9.25	-5.35	1.81916	1.81916
9.38371	-5.28766	2.22873	1.67848	10.6468	-0.515691	9.35	-5.3	1.81895	0.909466
9.48572	-5.22081	2.18389	1.61057	4.89704	8.06633	9.45	-5.25	1.81894	0.90947
9.55847	-5.11711	1.85663	1.7512	11.0213	-0.491273	9.55	-5.1	1.81986	2.72981
9.66267	-4.99933	1.86695	1.80184	2.30028	9.37088	9.65	-4.95	1.81987	2.72981
9.76278	-4.89668	1.84686	1.81683	10.8076	-0.462569	9.75	-4.85	1.81736	1.81735
9.86829	-4.78002	1.8585	1.85725	0.343504	9.86084	9.85	-4.75	1.81736	1.81735
9.96376	-4.67404	1.80918	1.88071	10.9769	-0.436747	9.95	-4.65	1.81806	1.81805
10.0667	-4.56086	1.81774	1.90492	-1.69611	9.92674	10.05	-4.55	1.81805	1.81805
10.2244	-4.46774	2.20593	1.779	11.3501	-0.410455	10.2	-4.45	2.72609	1.8174
10.3464	-4.36361	2.20854	1.79393	-3.65637	9.67526	10.35	-4.35	2.72606	1.81737
10.3704	-4.23958	1.52866	2.01768	11.1934	-0.382691	10.4	-4.2	0.908945	2.72688
10.4587	-4.10842	1.54053	2.06708	-6.25942	8.37766	10.45	-4.05	0.908953	2.72687
10.576	-3.99704	1.76121	2.0142	11.2679	-0.358104	10.55	-3.95	1.81903	1.81904
10.6689	-3.87232	1.75773	2.04609	-8.14204	6.85331	10.65	-3.85	1.81902	1.81903
10.7604	-3.75307	1.71803	2.07145	11.2214	-0.330063	10.75	-3.7	1.81931	2.72896
10.8605	-3.60405	1.73478	2.15772	-10.0087	4.20776	10.85	-3.55	1.81931	2.72896
10.9057	-3.48294	1.43936	2.24437	11.3235	-0.30085	10.9	-3.4	0.999745	2.99928
10.9754	-3.33044	1.44337	2.3405	-10.8752	1.16334	10.95	-3.25	0.999754	2.99928
11.0947	-3.20103	1.7222	2.29738	11.3417	-0.277495	11.05	-3.15	1.81764	1.81765
11.1794	-3.07083	1.70629	2.30339	-11.0952	-0.94115	11.15	-3.05	1.81763	1.81764
11.222	-2.93794	1.3456	2.37122	11.5166	-0.252737	11.2	-2.9	0.909657	2.72896
11.2909	-2.7863	1.34012	2.4216	-10.3766	-4.36435	11.25	-2.75	0.909648	2.72893
11.2159	-2.65381	0.338865	2.5771	11.5547	-0.225803	11.2	-2.6	-0.998725	2.99617
11.2175	-2.50301	0.316948	2.62598	-8.60196	-7.07745	11.15	-2.45	-0.998725	2.99616
11.2783	-2.35415	0.618936	2.60358	11.4655	-0.201037	11.2	-2.3	0.908813	2.72643
11.2997	-2.1969	0.59987	2.63473	-6.29289	-9.31207	11.25	-2.15	0.908805	2.7264
11.3526	-2.04836	0.743741	2.63047	11.3365	-0.175531	11.3	-2	0.909855	2.72956
11.3851	-1.88619	0.731452	2.67192	-3.13817	-10.8996	11.35	-1.85	0.909847	2.72953
